cell_id,x,y,x_self_polarity,y_self_polarity,a,s,rac,f,f_x,f_y,fpp,f_coef,p_frac
1,113.05882352941177,94.76470588235294,0.9943836247601896,0.10583575392459019,1.0,0.0,10.0,1.1673151750972763,-1.160759095050805,-0.12354368162403524,20,0.0038910505836575876,0.008
2,118.97872340425532,92.87234042553192,0.8719143492696513,-0.48965841924517167,1.0,0.0,10.0,1.1673151750972763,-1.0177988512875307,0.5715857033990331,20,0.0038910505836575876,0.008
3,124.72,87.24,0.8015169950701081,-0.5979719948407152,1.0,0.0,10.0,1.1673151750972763,-0.935622951443706,0.6980217838607571,20,0.0038910505836575876,0.008
4,131.31914893617022,89.53191489361703,-0.044605628070963556,0.9990046736349109,1.0,0.0,10.0,1.1673151750972763,0.052068826541980806,-1.1661533155271333,20,0.0038910505836575876,0.008
5,137.42,90.68,-0.9192535006040933,-0.3936661042395196,1.0,0.0,10.0,1.1673151750972763,1.0730585610164514,0.45953241740021744,20,0.0038910505836575876,0.008
6,144.3877551020408,91.28571428571429,0.7039297242559822,-0.7102696271901938,1.0,0.0,10.0,1.1673151750972763,-0.8217078493260493,0.8291085142297983,20,0.0038910505836575876,0.008
7,151.86,95.1,-0.5382350003831744,0.8427948056096004,1.0,0.0,10.0,1.1673151750972763,0.6282898837157678,-0.9838071660812456,20,0.0038910505836575876,0.008
8,99.23529411764706,99.68627450980392,-0.5838318680941315,-0.8118745899446026,1.0,0.0,10.0,1.1673151750972763,0.6815157993316711,0.9477135291182132,20,0.0038910505836575876,0.008
9,105.5625,97.125,0.4493428904631733,0.8933593715802172,1.0,0.0,10.0,1.1673151750972763,-0.5245247748597354,-1.0428319512609538,20,0.0038910505836575876,0.008
10,111.57142857142857,101.6938775510204,0.9447394693521599,-0.32782210884593965,1.0,0.0,10.0,1.1673151750972763,-1.1028087190881244,0.3826717223882564,20,0.0038910505836575876,0.008
11,118.58333333333333,100.75,0.9118740878334836,-0.4104700329352343,1.0,0.0,10.0,1.1673151750972763,-1.064444460506012,0.47914789836797783,20,0.0038910505836575876,0.008
12,125.06,94.14,0.9903223099199958,-0.13878660769225437,1.0,0.0,10.0,1.1673151750972763,-1.156018260606999,0.1620077132594409,20,0.0038910505836575876,0.008
13,131.87234042553192,97.1063829787234,-0.7466341902061289,0.6652348352388335,1.0,0.0,10.0,1.1673151750972763,0.8715574204740805,-0.7765387181776268,20,0.0038910505836575876,0.008
14,138.17391304347825,99.1086956521739,-0.27814715214943425,-0.960538474893723,1.0,0.0,10.0,1.1673151750972763,0.32468539161412563,1.121251138008237,20,0.0038910505836575876,0.008
15,144.82222222222222,97.22222222222223,-0.8949553710469442,-0.4461556721977502,1.0,0.0,10.0,1.1673151750972763,1.0446949856579115,0.5208042866121598,20,0.0038910505836575876,0.008
16,152.51063829787233,101.44680851063829,-0.9780742617522563,0.20825642486554616,1.0,0.0,10.0,1.1673151750972763,1.1417209281154743,-0.2431008850570578,20,0.0038910505836575876,0.008
17,159.9375,100.02083333333333,0.18907696421737846,0.9819622709668331,1.0,0.0,10.0,1.1673151750972763,-0.2207124095922706,-1.146259460272568,20,0.0038910505836575876,0.008
18,97.38,106.04,-0.41389496594467656,-0.9103246438307901,1.0,0.0,10.0,1.1673151750972763,0.4831458746435913,1.0626357710087044,20,0.0038910505836575876,0.008
19,106.36363636363636,104.9090909090909,-0.8312764490204197,-0.5558592135640116,1.0,0.0,10.0,1.1673151750972763,0.9703616136425134,0.6488628952109085,20,0.0038910505836575876,0.008
20,113.04444444444445,108.55555555555556,-0.9031992054679822,-0.4292216155344531,1.0,0.0,10.0,1.1673151750972763,1.0543181386785785,0.5010369052931359,20,0.0038910505836575876,0.008
21,120.46511627906976,107.04651162790698,0.134359602480733,0.9909326401028574,1.0,0.0,10.0,1.1673151750972763,-0.1568400028957973,-1.1567307082912732,20,0.0038910505836575876,0.008
22,125.38297872340425,101.65957446808511,0.5767909556404338,0.8168917881160239,1.0,0.0,10.0,1.1673151750972763,-0.6732968353779384,-0.9535701806801836,20,0.0038910505836575876,0.008
23,131.45652173913044,104.17391304347827,-0.020809968241818286,0.999783449163755,1.0,0.0,10.0,1.1673151750972763,0.024291791721966872,-1.1670623920199474,20,0.0038910505836575876,0.008
24,137.51111111111112,106.28888888888889,-0.11917379525782706,-0.9928734091130881,1.0,0.0,10.0,1.1673151750972763,0.13911337967839735,1.158996197408274,20,0.0038910505836575876,0.008
25,144.56521739130434,103.19565217391305,0.170637748268565,0.9853338311789736,1.0,0.0,10.0,1.1673151750972763,-0.19918803299832494,-1.1501951336719536,20,0.0038910505836575876,0.008
26,152.17391304347825,107.04347826086956,-0.9710646951905952,-0.23881657763730793,1.0,0.0,10.0,1.1673151750972763,1.133538554697193,0.2787742151408264,20,0.0038910505836575876,0.008
27,159.375,107.5,-0.9999996849818164,-0.000793748239789886,1.0,0.0,10.0,1.1673151750972763,1.16731480737177,0.0009265543655134857,20,0.0038910505836575876,0.008
28,165.93617021276594,108.2127659574468,0.13859058619322115,-0.9903497611544213,1.0,0.0,10.0,1.1673151750972763,-0.1617788943889741,1.1560503048495192,20,0.0038910505836575876,0.008
29,92.10416666666667,111.89583333333333,-0.1643450381083179,0.9864029138486846,1.0,0.0,10.0,1.1673151750972763,0.19184245693577967,-1.1514430900957409,20,0.0038910505836575876,0.008
30,99.22916666666667,112.3125,0.9999998296076347,0.0005837676776437996,1.0,0.0,10.0,1.1673151750972763,-1.1673149761956825,-0.0006814408688449023,20,0.0038910505836575876,0.008
31,105.0,111.375,-0.8336803111388474,-0.5522473529311249,1.0,0.0,10.0,1.1673151750972763,0.9731676783721955,0.6446467154838035,20,0.0038910505836575876,0.008
32,112.46666666666667,113.93333333333334,-0.9204549039186083,-0.39084878131086126,1.0,0.0,10.0,1.1673151750972763,1.074460977336897,0.4562437135924451,20,0.0038910505836575876,0.008
33,119.28888888888889,114.31111111111112,-0.9844795834204281,-0.17549914480800252,1.0,0.0,10.0,1.1673151750972763,1.1491979573001108,0.20486281495097572,20,0.0038910505836575876,0.008
34,125.45652173913044,110.3695652173913,-0.26952837555706194,0.9629924479296665,1.0,0.0,10.0,1.1673151750972763,0.3146245629070762,-1.1241156979723734,20,0.0038910505836575876,0.008
35,130.97674418604652,111.97674418604652,0.19183146112193777,0.981427883506385,1.0,0.0,10.0,1.1673151750972763,-0.22392777562872115,-1.1456356616806052,20,0.0038910505836575876,0.008
36,137.85416666666666,112.5625,-0.5241938814744594,0.8515989517517858,1.0,0.0,10.0,1.1673151750972763,0.6118994725382796,-0.9940843794767928,20,0.0038910505836575876,0.008
37,144.69565217391303,110.30434782608695,0.2750986592993964,0.9614160013499228,1.0,0.0,10.0,1.1673151750972763,-0.3211268396491009,-1.1222754879571084,20,0.0038910505836575876,0.008
38,151.8181818181818,112.54545454545455,0.9871599753442024,0.15973472721494777,1.0,0.0,10.0,1.1673151750972763,-1.1523268194679406,-0.18646077106803244,20,0.0038910505836575876,0.008
39,159.70212765957447,114.34042553191489,-0.7075199205315995,-0.7066934003165439,1.0,0.0,10.0,1.1673151750972763,0.8258987399201552,0.824933930330596,20,0.0038910505836575876,0.008
40,167.81632653061226,114.44897959183673,-0.9916838688570792,0.1286977243336318,1.0,0.0,10.0,1.1673151750972763,1.1576076290160457,-0.1502308066151344,20,0.0038910505836575876,0.008
41,90.51020408163265,119.0204081632653,-0.9386338616844783,-0.34491516884486767,1.0,0.0,10.0,1.1673151750972763,1.0956815506044495,0.40262471071385336,20,0.0038910505836575876,0.008
42,97.5,119.0,0.7085725781973553,-0.7056379393334465,1.0,0.0,10.0,1.1673151750972763,-0.8271275231875743,0.8237018747083034,20,0.0038910505836575876,0.008
43,104.57777777777778,118.77777777777777,0.11657887835984794,0.993181436153717,1.0,0.0,10.0,1.1673151750972763,-0.13608429380526998,-1.1593557620471406,20,0.0038910505836575876,0.008
44,110.5,120.5909090909091,0.16854768855389557,0.9856935003758212,1.0,0.0,10.0,1.1673151750972763,-0.1967482745765318,-1.150614980983449,20,0.0038910505836575876,0.008
45,116.95555555555555,120.71111111111111,-0.4345514280774548,-0.9006470209554044,1.0,0.0,10.0,1.1673151750972763,0.5072584763550056,1.0513389349673983,20,0.0038910505836575876,0.008
46,124.73333333333333,118.53333333333333,-0.9337207716106982,0.3580021238243182,1.0,0.0,10.0,1.1673151750972763,1.0899464260047063,-0.41790131185718077,20,0.0038910505836575876,0.008
47,131.1627906976744,118.4186046511628,-0.9898921035748227,0.1418225062541652,1.0,0.0,10.0,1.1673151750972763,1.1555160742118553,-0.16555156372081542,20,0.0038910505836575876,0.008
48,137.4090909090909,119.22727272727273,0.7062673368454438,0.7079452301592577,1.0,0.0,10.0,1.1673151750972763,-0.8244365799752263,-0.8263952103026355,20,0.0038910505836575876,0.008
49,144.58695652173913,117.1304347826087,0.9969146593759718,0.07849306925640179,1.0,0.0,10.0,1.1673151750972763,-1.1637136101665042,-0.09162615088295929,20,0.0038910505836575876,0.008
50,151.8,118.2,0.7070318621215697,-0.7071816923145746,1.0,0.0,10.0,1.1673151750972763,-0.8253290219317935,0.8255039209897759,20,0.0038910505836575876,0.008
51,158.13333333333333,120.95555555555555,-0.7085269556287646,0.7056837486774333,1.0,0.0,10.0,1.1673151750972763,0.8270742672709315,-0.8237553486507004,20,0.0038910505836575876,0.008
52,165.2,121.3,0.3674806082346746,0.9300311836554049,1.0,0.0,10.0,1.1673151750972763,-0.4289656905463128,-1.0856395139946362,20,0.0038910505836575876,0.008
53,171.85106382978722,119.61702127659575,-0.9751566516683683,-0.22151637570829089,1.0,0.0,10.0,1.1673151750972763,1.138315157589535,0.2585794268968376,20,0.0038910505836575876,0.008
54,88.29787234042553,127.06382978723404,-0.10159126199139172,-0.994826223763224,1.0,0.0,10.0,1.1673151750972763,0.1185890217798347,1.16127574758353,20,0.0038910505836575876,0.008
55,95.3913043478261,124.76086956521739,0.7858022638039455,-0.6184778105967865,1.0,0.0,10.0,1.1673151750972763,-0.9172789071641387,0.721958533770568,20,0.0038910505836575876,0.008
56,103.71111111111111,125.57777777777778,0.314968428758204,0.949102148815178,1.0,0.0,10.0,1.1673151750972763,-0.36766742656599694,-1.1079013410293908,20,0.0038910505836575876,0.008
57,111.22727272727273,126.68181818181819,0.622532709184736,0.7825937809586229,1.0,0.0,10.0,1.1673151750972763,-0.7266918784257619,-0.9135335964497544,20,0.0038910505836575876,0.008
58,119.4090909090909,126.0909090909091,-0.9418475825953632,0.33604037132355163,1.0,0.0,10.0,1.1673151750972763,1.0994329757922527,-0.39226502489130544,20,0.0038910505836575876,0.008
59,125.47826086956522,125.8695652173913,-0.003006134411506357,-0.999995481567742,1.0,0.0,10.0,1.1673151750972763,0.003509106316933491,1.1673099006627339,20,0.0038910505836575876,0.008
60,132.1304347826087,125.80434782608695,0.6685955472386981,0.7436262463177222,1.0,0.0,10.0,1.1673151750972763,-0.7804617282942001,-0.8680462019273023,20,0.0038910505836575876,0.008
61,139.29268292682926,124.48780487804878,0.9453937866432183,0.3259303425218293,1.0,0.0,10.0,1.1673151750972763,-1.1035725135913055,-0.3804634348503844,20,0.0038910505836575876,0.008
62,145.5909090909091,124.18181818181819,0.27970802496876934,-0.9600851112104959,1.0,0.0,10.0,1.1673151750972763,-0.3265074221425323,1.1207219197009681,20,0.0038910505836575876,0.008
63,151.5,125.5,0.5808145140129108,-0.8140359330594358,1.0,0.0,10.0,1.1673151750972763,-0.6779935961240204,0.9502364977347499,20,0.0038910505836575876,0.008
64,157.7111111111111,127.08888888888889,-0.7497746390326688,-0.6616932753651281,1.0,0.0,10.0,1.1673151750972763,0.875223314045917,0.7724046015935349,20,0.0038910505836575876,0.008
65,164.70833333333334,127.91666666666667,-0.6506574758481984,0.7593713512655392,1.0,0.0,10.0,1.1673151750972763,0.7595223453480916,-0.8864257018663882,20,0.0038910505836575876,0.008
66,172.47826086956522,126.1086956521739,0.9880221807673253,0.1543119253712389,1.0,0.0,10.0,1.1673151750972763,-1.1533332849424032,-0.18013065218432556,20,0.0038910505836575876,0.008
67,89.54166666666667,133.58333333333334,-0.9812612659885912,0.19268193446835422,1.0,0.0,10.0,1.1673151750972763,1.1454411665236475,-0.22492054607200881,20,0.0038910505836575876,0.008
68,96.75555555555556,130.35555555555555,-0.9641929903109261,0.26520157887025164,1.0,0.0,10.0,1.1673151750972763,1.1255171093123653,-0.30957382747500195,20,0.0038910505836575876,0.008
69,104.34782608695652,131.5,-0.9976720911188639,-0.06819383111772893,1.0,0.0,10.0,1.1673151750972763,1.1645977717340825,0.07960369391174585,20,0.0038910505836575876,0.008
70,111.06818181818181,133.61363636363637,-0.9192116410356406,-0.3937638365626846,1.0,0.0,10.0,1.1673151750972763,1.0730096977069734,0.45964650182414546,20,0.0038910505836575876,0.008
71,117.18604651162791,132.0,0.8576732404497546,0.514195111427965,1.0,0.0,10.0,1.1673151750972763,-1.0011749888518537,-0.6002277565306985,20,0.0038910505836575876,0.008
72,123.18181818181819,134.4090909090909,0.9479841053799719,0.31831766515060794,1.0,0.0,10.0,1.1673151750972763,-1.1065962319610567,-0.3715770410318381,20,0.0038910505836575876,0.008
73,130.33333333333334,131.13333333333333,-0.980547315348557,0.19628286314076832,1.0,0.0,10.0,1.1673151750972763,1.1446077611072651,-0.2291239647557607,20,0.0038910505836575876,0.008
74,138.86666666666667,130.73333333333332,0.9095524500914515,-0.4155891487185845,1.0,0.0,10.0,1.1673151750972763,-1.0617343775386594,0.48512351990496244,20,0.0038910505836575876,0.008
75,146.3125,131.02083333333334,0.6642276193618739,-0.7475303804373823,1.0,0.0,10.0,1.1673151750972763,-0.7753629797998529,0.8726035569307965,20,0.0038910505836575876,0.008
76,153.08510638297872,133.5531914893617,0.9993917512929702,0.03487301890531003,1.0,0.0,10.0,1.1673151750972763,-1.1666051571513272,-0.0407078041696226,20,0.0038910505836575876,0.008
77,159.22222222222223,134.51111111111112,0.273747177716076,0.9618016857400923,1.0,0.0,10.0,1.1673151750972763,-0.3195492346880265,-1.1227257031985514,20,0.0038910505836575876,0.008
78,165.54347826086956,134.82608695652175,-0.23926493210898697,0.9709543203791215,1.0,0.0,10.0,1.1673151750972763,0.27929758611944006,-1.1334097125048113,20,0.0038910505836575876,0.008
79,172.58823529411765,132.1764705882353,0.38140680200106464,0.9244072973464244,1.0,0.0,10.0,1.1673151750972763,-0.445221947861165,-1.0790746661631414,20,0.0038910505836575876,0.008
80,90.5625,139.6875,-0.9195279506473912,0.39302461497749586,1.0,0.0,10.0,1.1673151750972763,1.0733789307167991,-0.4587835972499952,20,0.0038910505836575876,0.008
81,97.36170212765957,136.51063829787233,-0.5555491217976934,0.8314837179823859,1.0,0.0,10.0,1.1673151750972763,0.6485009203864126,-0.970603561847143,20,0.0038910505836575876,0.008
82,104.27272727272727,138.3181818181818,-0.450325054177644,0.8928646849214623,1.0,0.0,10.0,1.1673151750972763,0.525671269468067,-1.0422544960172713,20,0.0038910505836575876,0.008
83,110.80434782608695,140.04347826086956,0.9590383722812877,0.2832761911846071,1.0,0.0,10.0,1.1673151750972763,-1.1195000454645383,-0.3306725967135492,20,0.0038910505836575876,0.008
84,118.02127659574468,139.31914893617022,0.9983942383366403,0.05664754942801821,1.0,0.0,10.0,1.1673151750972763,-1.165440745140047,-0.06612554407939869,20,0.0038910505836575876,0.008
85,125.1304347826087,141.2391304347826,0.8733587676097837,-0.48707747129088186,1.0,0.0,10.0,1.1673151750972763,-1.0194849427351562,0.5685729236858543,20,0.0038910505836575876,0.008
86,131.13333333333333,136.13333333333333,-0.9885061416041548,0.15118071309153946,1.0,0.0,10.0,1.1673151750972763,1.153898219771387,-0.17647554057378148,20,0.0038910505836575876,0.008
87,139.44444444444446,136.88888888888889,0.28950854619839567,-0.9571754288938321,1.0,0.0,10.0,1.1673151750972763,-0.33794771929773815,1.1173254033780142,20,0.0038910505836575876,0.008
88,145.3181818181818,138.5909090909091,0.2799066762342891,-0.9600272145098142,1.0,0.0,10.0,1.1673151750972763,-0.32673931077932583,1.1206543360036743,20,0.0038910505836575876,0.008
89,150.6,139.8,-0.5407554569249753,-0.8411798474796345,1.0,0.0,10.0,1.1673151750972763,0.6312320508851852,0.9819220009489897,20,0.0038910505836575876,0.008
90,158.08695652173913,140.82608695652175,0.5447365678590445,0.838607221312307,1.0,0.0,10.0,1.1673151750972763,-0.6358792620922699,-0.9789189353840161,20,0.0038910505836575876,0.008
91,164.84444444444443,142.13333333333333,0.3553735615808486,0.9347243613650725,1.0,0.0,10.0,1.1673151750972763,-0.414832951261691,-1.0911179315545594,20,0.0038910505836575876,0.008
92,171.58823529411765,139.58823529411765,0.3573279716817633,0.9339789722760342,1.0,0.0,10.0,1.1673151750972763,-0.4171143638308521,-1.090247827559573,20,0.0038910505836575876,0.008
93,90.55102040816327,145.79591836734693,0.8845755806946655,-0.4663968718148691,1.0,0.0,10.0,1.1673151750972763,-1.0325784988653683,0.5444321460873959,20,0.0038910505836575876,0.008
94,97.93877551020408,143.48979591836735,-0.6607951280473012,-0.7505663186880628,1.0,0.0,10.0,1.1673151750972763,0.7713561805999626,0.8761474537214741,20,0.0038910505836575876,0.008
95,106.40816326530613,144.6326530612245,-0.8991718258457951,0.43759573535986296,1.0,0.0,10.0,1.1673151750972763,1.049616917329722,-0.5108121424434199,20,0.0038910505836575876,0.008
96,114.46666666666667,146.66666666666666,0.9999988442501596,0.001520361254784785,1.0,0.0,10.0,1.1673151750972763,-1.167313825972949,-0.0017747407643402162,20,0.0038910505836575876,0.008
97,121.20930232558139,146.3953488372093,0.9989110783955962,-0.046654661702201713,1.0,0.0,10.0,1.1673151750972763,-1.1660440603839646,0.05446069459400978,20,0.0038910505836575876,0.008
98,130.0,147.5,-0.3124693546553871,0.9499278406285637,1.0,0.0,10.0,1.1673151750972763,0.36475021944208613,-1.1088651836131094,20,0.0038910505836575876,0.008
99,131.75,142.13636363636363,0.9758393159980147,0.2184894261801397,1.0,0.0,10.0,1.1673151750972763,-1.1391120420210288,-0.2550460227783732,20,0.0038910505836575876,0.008
100,138.70454545454547,142.54545454545453,0.6699958764635255,-0.742364819695729,1.0,0.0,10.0,1.1673151750972763,-0.7820963538484734,0.8665737194891778,20,0.0038910505836575876,0.008
101,144.79545454545453,146.9318181818182,0.5390838574134045,0.8422520968666591,1.0,0.0,10.0,1.1673151750972763,-0.6292807674086434,-0.9831736539299524,20,0.0038910505836575876,0.008
102,151.13333333333333,146.62222222222223,0.6712927722410901,-0.7411922921461556,1.0,0.0,10.0,1.1673151750972763,-0.7836102399701441,0.8652050102873412,20,0.0038910505836575876,0.008
103,159.46666666666667,146.9111111111111,-0.35660569455087326,0.9342549858651487,1.0,0.0,10.0,1.1673151750972763,0.41627123877533845,-1.0905700224106794,20,0.0038910505836575876,0.008
104,168.3469387755102,147.87755102040816,0.27251125048913233,0.9621525961908793,1.0,0.0,10.0,1.1673151750972763,-0.31810651808069923,-1.1231353262928554,20,0.0038910505836575876,0.008
105,92.10204081632654,152.89795918367346,0.39345280270793187,0.9193448167261689,1.0,0.0,10.0,1.1673151750972763,-0.4592834272855236,-1.0731651557114812,20,0.0038910505836575876,0.008
106,98.5,150.64,0.00028367367319454136,0.9999999597646227,1.0,0.0,10.0,1.1673151750972763,-0.0003311365834955736,-1.16731512812991,20,0.0038910505836575876,0.008
107,105.73333333333333,149.86666666666667,0.17065518819440165,0.9853308108155013,1.0,0.0,10.0,1.1673151750972763,-0.1992083908884066,-1.1501916079558383,20,0.0038910505836575876,0.008
108,111.8695652173913,153.45652173913044,0.7902581748663061,0.6127740342548588,1.0,0.0,10.0,1.1673151750972763,-0.9224803597661162,-0.7153004290912749,20,0.0038910505836575876,0.008
109,117.95652173913044,153.06521739130434,-0.00784893032387665,-0.9999691966719629,1.0,0.0,10.0,1.1673151750972763,0.009162175475342394,1.167279217905015,20,0.0038910505836575876,0.008
110,125.58823529411765,152.7058823529412,-0.47266722843145004,0.8812409949423208,1.0,0.0,10.0,1.1673151750972763,0.5517516285192025,-1.0286859863139932,20,0.0038910505836575876,0.008
111,133.0,152.5,0.705228761564511,0.7089798261320177,1.0,0.0,10.0,1.1673151750972763,-0.8232242352893124,-0.8276029098817328,20,0.0038910505836575876,0.008
112,138.78048780487805,149.0487804878049,-0.06576666502000206,-0.9978350293370877,1.0,0.0,10.0,1.1673151750972763,0.07677042609338762,1.1647879719888183,20,0.0038910505836575876,0.008
113,145.5,153.5,0.6508421419876876,-0.7592130835364198,1.0,0.0,10.0,1.1673151750972763,-0.759737908935044,0.886240953544459,20,0.0038910505836575876,0.008
114,153.19148936170214,152.53191489361703,0.010793500162989838,0.999941748480496,1.0,0.0,10.0,1.1673151750972763,-0.012599416532672963,-1.167247177214587,20,0.0038910505836575876,0.008
115,159.52173913043478,153.32608695652175,-0.08901641587965094,-0.9960301590333202,1.0,0.0,10.0,1.1673151750972763,0.1039102130890867,1.1626811194941482,20,0.0038910505836575876,0.008
116,165.72549019607843,154.3921568627451,0.9171390787359935,0.39856732211170176,1.0,0.0,10.0,1.1673151750972763,-1.070590364283261,-0.4652536833988737,20,0.0038910505836575876,0.008
117,98.6,158.2,-0.23976632327138542,0.9708306290104992,1.0,0.0,10.0,1.1673151750972763,0.27988286763196746,-1.1332653256931897,20,0.0038910505836575876,0.008
118,105.34042553191489,156.17021276595744,0.9915672124537321,0.12959345348718487,1.0,0.0,10.0,1.1673151750972763,-1.1574714542261466,-0.15127640484885393,20,0.0038910505836575876,0.008
119,111.02127659574468,161.10638297872342,-0.7051557048943597,0.7090524887869294,1.0,0.0,10.0,1.1673151750972763,0.8231389551296029,-0.827687730101474,20,0.0038910505836575876,0.008
120,118.33333333333333,160.2549019607843,0.7006640725410539,0.7134913156095066,1.0,0.0,10.0,1.1673151750972763,-0.8178958045226311,-0.8328692400110973,20,0.0038910505836575876,0.008
121,125.15555555555555,159.13333333333333,-0.6150855353335354,0.788460388493587,1.0,0.0,10.0,1.1673151750972763,0.7179986793776678,-0.9203817764516581,20,0.0038910505836575876,0.008
122,131.52380952380952,159.45238095238096,-0.9073223172758744,0.4204357413126738,1.0,0.0,10.0,1.1673151750972763,1.0591311096605538,-0.490781020987557,20,0.0038910505836575876,0.008
123,137.61702127659575,156.70212765957447,-0.2680013217610448,-0.9634185443172313,1.0,0.0,10.0,1.1673151750972763,0.3128420098377955,1.124613086751632,20,0.0038910505836575876,0.008
124,146.0222222222222,159.44444444444446,0.20005261761392265,0.9797851551160681,1.0,0.0,10.0,1.1673151750972763,-0.2335244563586646,-1.143718079902025,20,0.0038910505836575876,0.008
125,152.69767441860466,159.58139534883722,-0.28070375480955506,-0.9597944582231225,1.0,0.0,10.0,1.1673151750972763,0.3276697526959787,1.1203826360581197,20,0.0038910505836575876,0.008
126,159.3673469387755,159.87755102040816,0.7270131611318129,-0.6866235238768976,1.0,0.0,10.0,1.1673151750972763,-0.8486534954846066,0.8015060590002696,20,0.0038910505836575876,0.008
127,105.85106382978724,165.0,-0.8272135242971149,0.5618876980500165,1.0,0.0,10.0,1.1673151750972763,0.9656188999577218,-0.6559000366342606,20,0.0038910505836575876,0.008
128,112.31372549019608,168.3921568627451,-0.9894487844398925,-0.14488306654132885,1.0,0.0,10.0,1.1673151750972763,1.1549985810582404,0.1691242021883216,20,0.0038910505836575876,0.008
129,118.95833333333333,166.70833333333334,-0.4914495083235356,0.8709060688550488,1.0,0.0,10.0,1.1673151750972763,0.5736764688601583,-1.016621870258812,20,0.0038910505836575876,0.008
130,125.34042553191489,166.51063829787233,-0.6456543441278282,-0.7636297976826625,1.0,0.0,10.0,1.1673151750972763,0.7536821137678928,0.8913966509914348,20,0.0038910505836575876,0.008
131,132.52083333333334,165.625,-0.4484681904390423,0.8937987928859218,1.0,0.0,10.0,1.1673151750972763,0.5235037242479094,-1.043344894419364,20,0.0038910505836575876,0.008
132,140.82608695652175,162.45652173913044,-0.9618079718966029,-0.2737250905491555,1.0,0.0,10.0,1.1673151750972763,1.1227330411244394,0.3195234520029053,20,0.0038910505836575876,0.008
133,145.9795918367347,167.9795918367347,0.0006404052995805277,-0.9999997949405052,1.0,0.0,10.0,1.1673151750972763,-0.0007475548244130674,1.1673149357282162,20,0.0038910505836575876,0.008
134,152.53061224489795,166.3877551020408,0.27252415391596857,0.9621489414494958,1.0,0.0,10.0,1.1673151750972763,-0.31812158044665595,-1.1231310600577773,20,0.0038910505836575876,0.008
135,118.71698113207547,173.79245283018867,-0.17667084314469614,0.9842699899837148,1.0,0.0,10.0,1.1673151750972763,0.20623055620003442,-1.1489532957008346,20,0.0038910505836575876,0.008
136,126.84313725490196,173.33333333333334,0.2738058226176427,-0.9617849923453141,1.0,0.0,10.0,1.1673151750972763,-0.31961769177156735,1.1227062167455029,20,0.0038910505836575876,0.008
137,133.72,172.16,0.7771567173221373,0.6293071084304384,1.0,0.0,10.0,1.1673151750972763,-0.9071868295589152,-0.7345997374674378,20,0.0038910505836575876,0.008
138,139.88235294117646,169.52941176470588,0.29102720980003005,0.956714776281839,1.0,0.0,10.0,1.1673151750972763,-0.33972047836579383,-1.1167876765935865,20,0.0038910505836575876,0.008
