cell_id,x,y,x_self_polarity,y_self_polarity,a,s,rac,f,f_x,f_y,fpp,f_coef,p_frac
1,112.35416666666667,94.97916666666667,-0.9999517878811879,-0.009819466035163298,1.0,0.0,10.0,1.1673151750972763,1.1672588963593633,0.011462411714198404,20,0.0038910505836575876,0.008
2,118.73469387755102,92.46938775510205,-0.686403205995457,-0.7272211759837294,1.0,0.0,10.0,1.1673151750972763,0.8012488785939187,0.8488963143778943,20,0.0038910505836575876,0.008
3,124.38,87.36,0.38889594622196,-0.9212816849433871,1.0,0.0,10.0,1.1673151750972763,-0.4539641395587082,1.0754260913736038,20,0.0038910505836575876,0.008
4,131.37254901960785,88.92156862745098,-0.5590982111375264,0.8291014354726555,1.0,0.0,10.0,1.1673151750972763,0.6526438262305757,-0.967822687322166,20,0.0038910505836575876,0.008
5,137.44897959183675,90.59183673469387,0.3027280645100778,-0.9530769743089916,1.0,0.0,10.0,1.1673151750972763,-0.353379063630441,1.112541215146683,20,0.0038910505836575876,0.008
6,144.3877551020408,90.9795918367347,0.9448165061671437,-0.3276000147651273,1.0,0.0,10.0,1.1673151750972763,-1.1028986453312963,0.3824124685974249,20,0.0038910505836575876,0.008
7,151.91836734693877,94.91836734693878,-0.027285227361647863,0.9996276888761252,1.0,0.0,10.0,1.1673151750972763,0.03185045995523097,-1.1668805706725198,20,0.0038910505836575876,0.008
8,99.28,99.62,0.7260546675005295,-0.6876369825719787,1.0,0.0,10.0,1.1673151750972763,-0.8475346313235753,0.8026890847143721,20,0.0038910505836575876,0.008
9,105.0,97.23913043478261,0.6448375174989335,-0.7643196818254864,1.0,0.0,10.0,1.1673151750972763,-0.7527286196485605,0.8922019632204121,20,0.0038910505836575876,0.008
10,111.42553191489361,101.74468085106383,-0.9977968842406215,0.06634288055027189,1.0,0.0,10.0,1.1673151750972763,1.1647434446388578,-0.07744305122599832,20,0.0038910505836575876,0.008
11,118.04255319148936,100.02127659574468,-0.901337533320375,0.4331173640342093,1.0,0.0,10.0,1.1673151750972763,1.0521449805296208,-0.5055844716352638,20,0.0038910505836575876,0.008
12,125.0204081632653,94.0204081632653,-0.7084700719337295,-0.7057408569540353,1.0,0.0,10.0,1.1673151750972763,0.8270078660705014,0.8238220120086016,20,0.0038910505836575876,0.008
13,131.88,97.02,-0.588074454928453,0.8088067973630061,1.0,0.0,10.0,1.1673151750972763,0.6864682353250424,-0.9441324482836647,20,0.0038910505836575876,0.008
14,138.19565217391303,98.78260869565217,-0.08551025025229375,-0.9963372908316691,1.0,0.0,10.0,1.1673151750972763,0.0998174127458682,1.1630396391031157,20,0.0038910505836575876,0.008
15,144.72916666666666,96.95833333333333,0.7428662061889019,-0.6694399149307635,1.0,0.0,10.0,1.1673151750972763,-0.8671589955512474,0.7814473715145099,20,0.0038910505836575876,0.008
16,152.0,101.0,-0.6386994370236837,-0.7694563204923524,1.0,0.0,10.0,1.1673151750972763,0.7455635451638332,0.8981980394852362,20,0.0038910505836575876,0.008
17,160.13725490196077,100.13725490196079,-0.6858804450044753,0.7277142400423829,1.0,0.0,10.0,1.1673151750972763,0.8006386517561969,-0.8494718755358557,20,0.0038910505836575876,0.008
18,97.52173913043478,105.67391304347827,-0.2741557000235884,-0.9616853186695615,1.0,0.0,10.0,1.1673151750972763,0.3200261089769515,1.1225898661512392,20,0.0038910505836575876,0.008
19,105.93333333333334,104.93333333333334,-0.6575144275958427,-0.7534419536389723,1.0,0.0,10.0,1.1673151750972763,0.7675265691780265,0.8795042260377108,20,0.0038910505836575876,0.008
20,112.97826086956522,108.17391304347827,-0.9822750601640273,-0.18744520847372045,1.0,0.0,10.0,1.1673151750972763,1.1466245838490592,0.21880763635064646,20,0.0038910505836575876,0.008
21,120.6086956521739,106.32608695652173,0.9979669553439297,-0.06373347661603765,1.0,0.0,10.0,1.1673151750972763,-1.1649419712185949,0.07439705441560815,20,0.0038910505836575876,0.008
22,125.35416666666667,101.27083333333333,-0.2438835474453747,-0.9698045242653076,1.0,0.0,10.0,1.1673151750972763,0.28468896588954246,1.1320675380528884,20,0.0038910505836575876,0.008
23,131.63829787234042,104.23404255319149,0.8540778270746753,0.520145234813702,1.0,0.0,10.0,1.1673151750972763,-0.9969780082583759,-0.6071734258525705,20,0.0038910505836575876,0.008
24,137.7826086956522,106.32608695652173,0.6992373859036431,-0.7148895566132154,1.0,0.0,10.0,1.1673151750972763,-0.816230411560673,0.8345014279531698,20,0.0038910505836575876,0.008
25,144.59574468085106,103.82978723404256,0.356744396946165,-0.9342020312799139,1.0,0.0,10.0,1.1673151750972763,-0.4164331481861849,1.0905082077197439,20,0.0038910505836575876,0.008
26,152.3673469387755,106.6734693877551,0.621203954611832,-0.7836489308195481,1.0,0.0,10.0,1.1673151750972763,-0.7251408030488311,0.9147652888944142,20,0.0038910505836575876,0.008
27,159.58695652173913,107.34782608695652,0.42549904097764546,-0.9049588753789335,1.0,0.0,10.0,1.1673151750972763,-0.4966914875225434,1.056372228068794,20,0.0038910505836575876,0.008
28,165.94117647058823,107.54901960784314,0.5927523356576437,-0.8053847953446899,1.0,0.0,10.0,1.1673151750972763,-0.6919287964875219,0.9401378933984708,20,0.0038910505836575876,0.008
29,91.60416666666667,111.47916666666667,-0.5511396433013731,-0.8344130233772932,1.0,0.0,10.0,1.1673151750972763,0.6433536692233928,0.9740229844871127,20,0.0038910505836575876,0.008
30,99.06122448979592,112.28571428571429,-0.3143511148694228,0.9493067873876975,1.0,0.0,10.0,1.1673151750972763,0.3669468266958243,-1.108140218740503,20,0.0038910505836575876,0.008
31,105.1304347826087,111.69565217391305,0.9094757847146209,0.4157568965365754,1.0,0.0,10.0,1.1673151750972763,-1.0616448848808804,-0.4853193344784927,20,0.0038910505836575876,0.008
32,112.53061224489795,113.81632653061224,-0.8516066037312116,0.524181449959259,1.0,0.0,10.0,1.1673151750972763,0.994093311748496,-0.6118849610419366,20,0.0038910505836575876,0.008
33,119.43478260869566,113.6304347826087,0.44639602536241746,-0.894835509208612,1.0,0.0,10.0,1.1673151750972763,-0.5210848545086585,1.0445550691151113,20,0.0038910505836575876,0.008
34,125.3953488372093,110.20930232558139,-0.6577415869017572,-0.7532436557050834,1.0,0.0,10.0,1.1673151750972763,0.7677917356829851,0.879272749850292,20,0.0038910505836575876,0.008
35,131.04347826086956,111.69565217391305,0.18960206458586934,-0.9818610172039502,1.0,0.0,10.0,1.1673151750972763,-0.22132536722085916,1.1461412652186191,20,0.0038910505836575876,0.008
36,137.80851063829786,113.06382978723404,0.2788262742652418,0.9603415583943893,1.0,0.0,10.0,1.1673151750972763,-0.32547814116565194,-1.1210212743903378,20,0.0038910505836575876,0.008
37,144.80434782608697,110.58695652173913,0.00395564765037735,-0.9999921763952286,1.0,0.0,10.0,1.1673151750972763,-0.004617487529623366,1.1673060424847028,20,0.0038910505836575876,0.008
38,152.0,112.5,0.8114982881235778,-0.58435479665397,1.0,0.0,10.0,1.1673151750972763,-0.9472742662921142,0.6821262217750623,20,0.0038910505836575876,0.008
39,159.65217391304347,114.0,0.3236062445901172,-0.9461918402006441,1.0,0.0,10.0,1.1673151750972763,-0.3777504800662847,1.104504093619429,20,0.0038910505836575876,0.008
40,168.04,114.28,0.9728141953868107,0.23158700579676755,1.0,0.0,10.0,1.1673151750972763,-1.1355807728250709,-0.2703350262219077,20,0.0038910505836575876,0.008
41,90.41304347826087,118.34782608695652,0.8044581387420463,0.5940093458959065,1.0,0.0,10.0,1.1673151750972763,-0.9390561930841008,-0.6933961236138987,20,0.0038910505836575876,0.008
42,96.78260869565217,118.47826086956522,-0.9985425489368854,-0.05397015807488162,1.0,0.0,10.0,1.1673151750972763,1.165613870354341,0.06300018452320812,20,0.0038910505836575876,0.008
43,103.97674418604652,118.72093023255815,-0.9384816727867867,0.34532904575681783,1.0,0.0,10.0,1.1673151750972763,1.0955038981946927,-0.40310783551379514,20,0.0038910505836575876,0.008
44,110.19565217391305,120.19565217391305,-0.5348980181228004,-0.8449166291465097,1.0,0.0,10.0,1.1673151750972763,0.6243945736842028,0.9862840028947585,20,0.0038910505836575876,0.008
45,117.14893617021276,120.55319148936171,0.8326939692493869,-0.5537334679931322,1.0,0.0,10.0,1.1673151750972763,-0.972016306516794,0.6463814801476251,20,0.0038910505836575876,0.008
46,124.1875,119.125,-0.0845621420464551,0.9964182074473122,1.0,0.0,10.0,1.1673151750972763,0.09871067164955849,-1.1631340942964734,20,0.0038910505836575876,0.008
47,130.6,118.31111111111112,-0.43817495459647193,-0.8988897091214137,1.0,0.0,10.0,1.1673151750972763,0.5114882738480218,1.0492875981962029,20,0.0038910505836575876,0.008
48,136.8372093023256,119.37209302325581,0.947862167151347,0.3186805800219901,1.0,0.0,10.0,1.1673151750972763,-1.1064538916163584,-0.372000677068471,20,0.0038910505836575876,0.008
49,144.55555555555554,117.46666666666667,0.9925704708583487,0.12167111563570068,1.0,0.0,10.0,1.1673151750972763,-1.1586425729863994,-0.1420285396525689,20,0.0038910505836575876,0.008
50,151.8695652173913,118.28260869565217,0.7099655844444435,0.7042363728922697,1.0,0.0,10.0,1.1673151750972763,-0.8287536005188056,-0.8220658049326106,20,0.0038910505836575876,0.008
51,158.25531914893617,120.7872340425532,0.9618455920519885,-0.27359286732325405,1.0,0.0,10.0,1.1673151750972763,-1.1227769557027103,0.3193691058248102,20,0.0038910505836575876,0.008
52,165.2127659574468,121.19148936170212,0.9968665245363527,-0.0791020370079895,1.0,0.0,10.0,1.1673151750972763,-1.163657421637766,0.09233700818053249,20,0.0038910505836575876,0.008
53,171.83673469387756,119.34693877551021,0.9996746775382065,0.025505667779590215,1.0,0.0,10.0,1.1673151750972763,-1.1669354212508247,-0.02977315305010531,20,0.0038910505836575876,0.008
54,88.6,126.44444444444444,0.6687175394900778,0.7435165447912616,1.0,0.0,10.0,1.1673151750972763,-0.78060413170048,-0.8679181456707334,20,0.0038910505836575876,0.008
55,95.45652173913044,124.6086956521739,-0.9999985598387964,0.0016971506513447797,1.0,0.0,10.0,1.1673151750972763,1.1673134939752488,-0.001981109709740988,20,0.0038910505836575876,0.008
56,103.29787234042553,125.31914893617021,0.9999200480095567,0.012645061825301368,1.0,0.0,10.0,1.1673151750972763,-1.1672218459255526,-0.014760772558717552,20,0.0038910505836575876,0.008
57,111.02222222222223,126.37777777777778,-0.01010052702736731,-0.9999489883757918,1.0,0.0,10.0,1.1673151750972763,0.011790498475526044,1.1672556284542317,20,0.0038910505836575876,0.008
58,119.26666666666667,126.4,-0.3928406342117949,0.919606565935713,1.0,0.0,10.0,1.1673151750972763,0.4585688337102664,-1.0734706995358518,20,0.0038910505836575876,0.008
59,125.51162790697674,126.51162790697674,-0.0789418709873273,0.9968792208713251,1.0,0.0,10.0,1.1673151750972763,0.09215004395407857,-1.1636722422622472,20,0.0038910505836575876,0.008
60,132.1304347826087,125.80434782608695,0.11200079434692077,0.9937081171378538,1.0,0.0,10.0,1.1673151750972763,-0.13074022686410985,-1.1599705647523586,20,0.0038910505836575876,0.008
61,139.3409090909091,124.22727272727273,-0.8289541806431183,0.5593165171835143,1.0,0.0,10.0,1.1673151750972763,0.9676507945250409,-0.6528986581908728,20,0.0038910505836575876,0.008
62,145.6829268292683,124.09756097560975,0.4789600421713473,0.8778367034951439,1.0,0.0,10.0,1.1673151750972763,-0.5590973254918451,-1.0247121052472496,20,0.0038910505836575876,0.008
63,151.77777777777777,125.28888888888889,0.9285525701403924,-0.3712009219892535,1.0,0.0,10.0,1.1673151750972763,-1.083913506000458,0.43330846924815586,20,0.0038910505836575876,0.008
64,158.70212765957447,127.08510638297872,-0.899784041620328,0.4363355113274508,1.0,0.0,10.0,1.1673151750972763,1.0503315660937682,-0.5093410638063628,20,0.0038910505836575876,0.008
65,165.34782608695653,128.06521739130434,0.2093757909016546,-0.9778352510440123,1.0,0.0,10.0,1.1673151750972763,-0.24440753801749565,1.1414419272887304,20,0.0038910505836575876,0.008
66,173.16,125.54,0.9969481140567988,0.0780670088999958,1.0,0.0,10.0,1.1673151750972763,-1.1637526623231116,-0.09112880416341922,20,0.0038910505836575876,0.008
67,89.23404255319149,133.6595744680851,0.45793706956652175,-0.8889846119685237,1.0,0.0,10.0,1.1673151750972763,-0.534556890544578,1.0377252279788216,20,0.0038910505836575876,0.008
68,95.97872340425532,130.29787234042553,-0.9700067505739416,-0.24307797893059568,1.0,0.0,10.0,1.1673151750972763,1.1323035998917608,0.28374861353766034,20,0.0038910505836575876,0.008
69,104.11363636363636,131.3409090909091,-0.5717234034462638,0.8204464333226276,1.0,0.0,10.0,1.1673151750972763,0.6673814048010862,-0.9577195719719388,20,0.0038910505836575876,0.008
70,110.74468085106383,133.40425531914894,-0.7808042042000825,0.624775795548672,1.0,0.0,10.0,1.1673151750972763,0.9114445963425087,-0.7293102671774382,20,0.0038910505836575876,0.008
71,117.02272727272727,132.0681818181818,-0.9838827226641097,0.17881495475227654,1.0,0.0,10.0,1.1673151750972763,1.1485012326818402,-0.20873341021666525,20,0.0038910505836575876,0.008
72,123.42553191489361,134.53191489361703,-0.27916251367724293,0.9602438705648702,1.0,0.0,10.0,1.1673151750972763,0.32587063853374665,-1.1209072419045178,20,0.0038910505836575876,0.008
73,130.64285714285714,131.16666666666666,-0.756249545096345,0.6542832915042008,1.0,0.0,10.0,1.1673151750972763,0.8827815701513756,-0.7637548149854485,20,0.0038910505836575876,0.008
74,138.8,130.73333333333332,-0.7592303273345105,0.6508220264062459,1.0,0.0,10.0,1.1673151750972763,0.8862610824916465,-0.759714427711571,20,0.0038910505836575876,0.008
75,146.41304347826087,130.56521739130434,-0.46809903072877457,-0.8836760138369616,1.0,0.0,10.0,1.1673151750972763,0.5464191020180248,1.031528420821356,20,0.0038910505836575876,0.008
76,153.06521739130434,133.04347826086956,-0.030641485566385473,-0.9995304394375816,1.0,0.0,10.0,1.1673151750972763,0.03576827108916592,1.166767049927138,20,0.0038910505836575876,0.008
77,159.04761904761904,134.33333333333334,0.6590614015179258,0.7520891363590007,1.0,0.0,10.0,1.1673151750972763,-0.7693323753127539,-0.8779250618976662,20,0.0038910505836575876,0.008
78,165.5,134.95652173913044,-0.8676234725871483,-0.4972217913726408,1.0,0.0,10.0,1.1673151750972763,1.012790045821574,0.5804145424583356,20,0.0038910505836575876,0.008
79,172.26923076923077,131.80769230769232,-0.9692705344710316,-0.2459972174766224,1.0,0.0,10.0,1.1673151750972763,1.1314442036626828,0.2871562849921662,20,0.0038910505836575876,0.008
80,90.875,139.85416666666666,0.5559307067298158,-0.83122863841117,1.0,0.0,10.0,1.1673151750972763,-0.6489463502682675,0.9703058035928055,20,0.0038910505836575876,0.008
81,97.59574468085107,136.19148936170214,0.5348420223689289,-0.8449520762198968,1.0,0.0,10.0,1.1673151750972763,-0.6243292089909676,0.986325380801436,20,0.0038910505836575876,0.008
82,103.8695652173913,138.54347826086956,-0.6138157708381937,0.789449301393265,1.0,0.0,10.0,1.1673151750972763,0.7165164640134557,-0.9215361494863016,20,0.0038910505836575876,0.008
83,110.35555555555555,139.8,0.4529750329112624,0.8915232019185148,1.0,0.0,10.0,1.1673151750972763,-0.5287646298575048,-1.0406885625507956,20,0.0038910505836575876,0.008
84,117.68,139.58,-0.7813818100204921,0.6240532565167011,1.0,0.0,10.0,1.1673151750972763,0.9121188443818975,-0.7284668364008184,20,0.0038910505836575876,0.008
85,125.0,141.19565217391303,-0.9190195657441739,-0.3942119198849648,1.0,0.0,10.0,1.1673151750972763,1.0727854853044831,0.46016955628595113,20,0.0038910505836575876,0.008
86,130.93023255813952,136.58139534883722,-0.8260641128359645,0.5635761541127614,1.0,0.0,10.0,1.1673151750972763,0.9642771745166901,-0.6578709970187877,20,0.0038910505836575876,0.008
87,139.3181818181818,136.27272727272728,0.12605253257176716,-0.9920235677806468,1.0,0.0,10.0,1.1673151750972763,-0.1471430341304675,1.1580041647244905,20,0.0038910505836575876,0.008
88,145.27272727272728,138.45454545454547,0.7316234316908842,-0.6817089952471318,1.0,0.0,10.0,1.1673151750972763,-0.8540351342695146,0.795769255152294,20,0.0038910505836575876,0.008
89,150.6734693877551,139.3877551020408,0.5875043336507558,0.8092210192163704,1.0,0.0,10.0,1.1673151750972763,-0.6858027241059407,-0.9446159757389537,20,0.0038910505836575876,0.008
90,158.0,140.75,-0.9640214341662985,0.2658245181843712,1.0,0.0,10.0,1.1673151750972763,1.12531684922136,-0.31030099398953837,20,0.0038910505836575876,0.008
91,164.7659574468085,141.91489361702128,0.15694221432719443,-0.9876077872121488,1.0,0.0,10.0,1.1673151750972763,-0.18320102839750324,1.1528495570569832,20,0.0038910505836575876,0.008
92,171.70212765957447,139.63829787234042,-0.9948493492040648,0.10136455193137661,1.0,0.0,10.0,1.1673151750972763,1.1613027422615543,-0.11832437968643185,20,0.0038910505836575876,0.008
93,90.63461538461539,146.1153846153846,0.800612627410878,0.5991822934885931,1.0,0.0,10.0,1.1673151750972763,-0.9345672693512196,-0.6994345838388246,20,0.0038910505836575876,0.008
94,97.73913043478261,143.7391304347826,-0.6568972777853558,0.7539800835819133,1.0,0.0,10.0,1.1673151750972763,0.7668061608389367,-0.8801323932862801,20,0.0038910505836575876,0.008
95,106.38297872340425,144.53191489361703,-0.9996043275753284,-0.02812806948006616,1.0,0.0,10.0,1.1673151750972763,1.1668533006715895,0.03283432235027178,20,0.0038910505836575876,0.008
96,114.3265306122449,146.71428571428572,-0.8400571416425295,0.542497925134634,1.0,0.0,10.0,1.1673151750972763,0.9806114493881668,-0.6332660604684445,20,0.0038910505836575876,0.008
97,121.4,147.0,-0.964222928589288,-0.26509270827900316,1.0,0.0,10.0,1.1673151750972763,1.1255520567190134,0.3094467411817158,20,0.0038910505836575876,0.008
98,130.0,147.5,0.7794000894658311,0.6265265361823508,1.0,0.0,10.0,1.1673151750972763,-0.9098055519056394,-0.7313539332867909,20,0.0038910505836575876,0.008
99,131.88095238095238,142.71428571428572,-0.8625297762759387,0.5060063092861383,1.0,0.0,10.0,1.1673151750972763,1.006844096820162,-0.5906688435246751,20,0.0038910505836575876,0.008
100,138.53333333333333,141.73333333333332,0.1109872743392727,-0.9938218275600206,1.0,0.0,10.0,1.1673151750972763,-0.12955712957891757,1.1601033006537207,20,0.0038910505836575876,0.008
101,144.80434782608697,146.3913043478261,0.4185838611136847,-0.9081781494922456,1.0,0.0,10.0,1.1673151750972763,-0.4886192931288148,1.060130135594061,20,0.0038910505836575876,0.008
102,151.42222222222222,146.55555555555554,0.8131691210886389,-0.5820274740146985,1.0,0.0,10.0,1.1673151750972763,-0.9492246549672828,0.6794095027408932,20,0.0038910505836575876,0.008
103,159.5744680851064,146.95744680851064,0.9434766236348798,-0.3314390753283735,1.0,0.0,10.0,1.1673151750972763,-1.1013345801185368,0.3868938622510197,20,0.0038910505836575876,0.008
104,168.51020408163265,147.85714285714286,0.6470300385908964,0.762464510099364,1.0,0.0,10.0,1.1673151750972763,-0.7552879827909297,-0.8900363931120981,20,0.0038910505836575876,0.008
105,92.16666666666667,153.04166666666666,-0.8619218504108968,-0.507041146046606,1.0,0.0,10.0,1.1673151750972763,1.0061344557325644,0.5918768241789175,20,0.0038910505836575876,0.008
106,98.25,151.25,0.31592664510410867,0.9487836185944941,1.0,0.0,10.0,1.1673151750972763,-0.3687859670475977,-1.1075295158690595,20,0.0038910505836575876,0.008
107,105.08,149.94,-0.8947439224494472,0.44657957100585954,1.0,0.0,10.0,1.1673151750972763,1.0444481585013003,-0.5212991101235714,20,0.0038910505836575876,0.008
108,112.05882352941177,153.23529411764707,0.85597757271568,0.5170129543906735,1.0,0.0,10.0,1.1673151750972763,-0.9991956101739455,-0.6035170673821092,20,0.0038910505836575876,0.008
109,118.17391304347827,153.8913043478261,0.47573666728185215,0.8795877576476132,1.0,0.0,10.0,1.1673151750972763,-0.5553346310683099,-1.0267561373318443,20,0.0038910505836575876,0.008
110,125.91666666666667,153.02083333333334,0.9947827789676379,0.102015796176002,1.0,0.0,10.0,1.1673151750972763,-1.1612250338143633,-0.11908458697587783,20,0.0038910505836575876,0.008
111,132.95833333333334,152.66666666666666,0.9645583162070238,0.2638697683249655,1.0,0.0,10.0,1.1673151750972763,-1.125943559774736,-0.30801918481513485,20,0.0038910505836575876,0.008
112,138.95652173913044,149.08695652173913,0.9993909356127663,-0.03489638684791991,1.0,0.0,10.0,1.1673151750972763,-1.166604204995447,0.04073508192364192,20,0.0038910505836575876,0.008
113,145.66666666666666,153.3125,0.05652300841874534,-0.9984012968337403,1.0,0.0,10.0,1.1673151750972763,-0.06598016546935254,1.1654489846308254,20,0.0038910505836575876,0.008
114,153.22916666666666,153.02083333333334,0.5336944525973611,-0.845677380131929,1.0,0.0,10.0,1.1673151750972763,-0.6229896333821336,0.9871720390645086,20,0.0038910505836575876,0.008
115,159.5,153.5,-0.5783644226680199,0.8157785205506995,1.0,0.0,10.0,1.1673151750972763,0.6751335673167548,-0.9522706465572369,20,0.0038910505836575876,0.008
116,165.52083333333334,153.91666666666666,0.492227595633049,-0.870466538183581,1.0,0.0,10.0,1.1673151750972763,-0.5745847419841039,1.016108799436087,20,0.0038910505836575876,0.008
117,98.48979591836735,159.28571428571428,0.6739313312860948,-0.7387939907111806,1.0,0.0,10.0,1.1673151750972763,-0.7866902699837683,0.8624054366278373,20,0.0038910505836575876,0.008
118,105.36170212765957,156.36170212765958,0.9641518643364336,0.2653510552015562,1.0,0.0,10.0,1.1673151750972763,-1.1254691023382495,-0.30974831346485165,20,0.0038910505836575876,0.008
119,110.73469387755102,161.24489795918367,-0.762032424798304,-0.6475388664443372,1.0,0.0,10.0,1.1673151750972763,0.8895320133832343,0.7558819452657634,20,0.0038910505836575876,0.008
120,118.34782608695652,160.58695652173913,0.9520054261374865,0.30608114709139267,1.0,0.0,10.0,1.1673151750972763,-1.1112903807052372,-0.3572931678109642,20,0.0038910505836575876,0.008
121,125.13953488372093,158.93023255813952,0.605780325092598,-0.7956319486613809,1.0,0.0,10.0,1.1673151750972763,-0.7071365662559511,0.9287532474646469,20,0.0038910505836575876,0.008
122,131.9090909090909,160.3409090909091,0.3085650391607201,0.951203246739488,1.0,0.0,10.0,1.1673151750972763,-0.3601926527167939,-1.1103539845208032,20,0.0038910505836575876,0.008
123,137.88888888888889,156.77777777777777,0.9242052447036925,-0.3818961451261165,1.0,0.0,10.0,1.1673151750972763,-1.078838807047112,0.4457931655168676,20,0.0038910505836575876,0.008
124,145.7843137254902,159.58823529411765,-0.7394582087961702,0.673202463931884,1.0,0.0,10.0,1.1673151750972763,0.8631807884780197,-0.785839452060565,20,0.0038910505836575876,0.008
125,152.63829787234042,160.2127659574468,0.9048009820952652,0.4258346895209967,1.0,0.0,10.0,1.1673151750972763,-1.056187916842722,-0.49708329516069655,20,0.0038910505836575876,0.008
126,160.0212765957447,160.2127659574468,0.9987768405169323,-0.04944514988362958,1.0,0.0,10.0,1.1673151750972763,-1.1658873624711272,0.05771807379412013,20,0.0038910505836575876,0.008
127,105.32,164.86,0.7153185030422152,-0.6987985684054057,1.0,0.0,10.0,1.1673151750972763,-0.835002143629045,0.8157181732358821,20,0.0038910505836575876,0.008
128,112.41666666666667,168.47916666666666,0.5692492831543918,-0.8221649795680981,1.0,0.0,10.0,1.1673151750972763,-0.6644933266393679,0.9597256570833831,20,0.0038910505836575876,0.008
129,118.88461538461539,166.78846153846155,0.4782300927172993,0.878234580519125,1.0,0.0,10.0,1.1673151750972763,-0.558245244417081,-1.0251765531351653,20,0.0038910505836575876,0.008
130,125.44897959183673,166.40816326530611,0.6141031250251648,0.7892257926818704,1.0,0.0,10.0,1.1673151750972763,-0.7168518969165348,-0.9212752443757243,20,0.0038910505836575876,0.008
131,132.44897959183675,166.42857142857142,0.7044301821575334,0.7097732866665977,1.0,0.0,10.0,1.1673151750972763,-0.8222920414290273,-0.8285291284045888,20,0.0038910505836575876,0.008
132,140.69565217391303,162.97826086956522,-0.9915156336488129,-0.12998749259060705,1.0,0.0,10.0,1.1673151750972763,1.157411245504451,0.15173637267386036,20,0.0038910505836575876,0.008
133,146.25,168.0,0.18240717758168157,-0.9832230782313264,1.0,0.0,10.0,1.1673151750972763,-0.2129266664377606,1.1477312197252838,20,0.0038910505836575876,0.008
134,153.52083333333334,166.77083333333334,-0.9701971007417124,0.24231711807541662,1.0,0.0,10.0,1.1673151750972763,1.1325257985311818,-0.2828604491152723,20,0.0038910505836575876,0.008
135,118.7,173.94,-0.9827422370530848,0.18498025708679924,1.0,0.0,10.0,1.1673151750972763,1.1471699265211108,-0.21593026119081626,20,0.0038910505836575876,0.008
136,126.38775510204081,173.3673469387755,-0.7032756831907854,0.7109172338834767,1.0,0.0,10.0,1.1673151750972763,0.8209443772655083,-0.829864475350362,20,0.0038910505836575876,0.008
137,133.9,173.16,0.5227319496744324,0.8524971019244387,1.0,0.0,10.0,1.1673151750972763,-0.6101929373631506,-0.9951328038028469,20,0.0038910505836575876,0.008
138,139.68085106382978,169.61702127659575,0.5228049952131553,-0.8524523077452326,1.0,0.0,10.0,1.1673151750972763,-0.6102782045289751,0.9950805148777035,20,0.0038910505836575876,0.008
