cell_id,x,y,x_self_polarity,y_self_polarity,a,s,rac,f,f_x,f_y,fpp,f_coef,p_frac
1,112.5,94.88,0.6550636525882139,-0.7555736966423512,1.0,0.0,10.0,1.1673151750972763,-0.7646657423208723,0.8819926419949625,20,0.0038910505836575876,0.008
2,118.79166666666667,92.22916666666667,0.0741548301737166,-0.9972467403616355,1.0,0.0,10.0,1.1673151750972763,-0.08656205856854078,1.1641012533404307,20,0.0038910505836575876,0.008
3,124.5,87.375,0.9879635603006445,0.15468679167296362,1.0,0.0,10.0,1.1673151750972763,-1.1532648563820753,-0.18056823930696145,20,0.0038910505836575876,0.008
4,131.5,89.15384615384616,0.22315244469169773,0.9747835587596453,1.0,0.0,10.0,1.1673151750972763,-0.26048923504867444,-1.1378796405754614,20,0.0038910505836575876,0.008
5,137.42,90.5,0.7583401379578625,-0.6518590608114995,1.0,0.0,10.0,1.1673151750972763,-0.8852219509235749,0.7609249737099216,20,0.0038910505836575876,0.008
6,144.34,90.8,0.5008951614017445,-0.8655079648878573,1.0,0.0,10.0,1.1673151750972763,-0.5847025230370558,1.0103205815811565,20,0.0038910505836575876,0.008
7,151.88235294117646,95.09803921568627,-0.3053849937174464,0.9522289670096133,1.0,0.0,10.0,1.1673151750972763,0.35648053741336155,-1.1115513233575254,20,0.0038910505836575876,0.008
8,99.10204081632654,99.6938775510204,-0.8478490142764229,-0.5302377287505088,1.0,0.0,10.0,1.1673151750972763,0.9897070205561357,0.6189545471795823,20,0.0038910505836575876,0.008
9,104.875,97.20833333333333,-0.6395215807530346,-0.7687731445303874,1.0,0.0,10.0,1.1673151750972763,0.7465232460152155,0.8974005578175729,20,0.0038910505836575876,0.008
10,111.3061224489796,101.75510204081633,-0.9964405737916571,0.08429817851978265,1.0,0.0,10.0,1.1673151750972763,1.1631602028696386,-0.09840254301920154,20,0.0038910505836575876,0.008
11,118.06382978723404,99.93617021276596,-0.6575352476230664,-0.7534237838914251,1.0,0.0,10.0,1.1673151750972763,0.7675508727117507,0.8794830162156714,20,0.0038910505836575876,0.008
12,125.0,94.0,-0.3929946665312974,-0.9195407506347689,1.0,0.0,10.0,1.1673151750972763,0.4587486379742771,1.0733938723363061,20,0.0038910505836575876,0.008
13,131.87234042553192,97.1063829787234,-0.4107097872047287,0.9117661271917522,1.0,0.0,10.0,1.1673151750972763,0.47942776716505303,-1.0643184364106058,20,0.0038910505836575876,0.008
14,138.33333333333334,98.66666666666667,-0.1498800511223188,-0.9887041874471713,1.0,0.0,10.0,1.1673151750972763,0.1749572581194383,1.1541294016893051,20,0.0038910505836575876,0.008
15,144.72916666666666,97.0625,0.001757909497961724,0.9999984548759048,1.0,0.0,10.0,1.1673151750972763,-0.002052034433418355,-1.1673133714504726,20,0.0038910505836575876,0.008
16,152.0909090909091,101.04545454545455,0.8135496372099348,0.581495475301041,1.0,0.0,10.0,1.1673151750972763,-0.9496688372100407,-0.6787884925693085,20,0.0038910505836575876,0.008
17,160.0,100.0,-0.9999837571431652,0.0056996008491120255,1.0,0.0,10.0,1.1673151750972763,1.1672962145640062,-0.006653230563165789,20,0.0038910505836575876,0.008
18,97.61702127659575,105.68085106382979,0.6861119282921034,-0.7274959943912347,1.0,0.0,10.0,1.1673151750972763,-0.8009088657106266,0.8492171140753713,20,0.0038910505836575876,0.008
19,106.02272727272727,105.18181818181819,0.20894085557987066,0.9779282790008436,1.0,0.0,10.0,1.1673151750972763,-0.24389983141619145,-1.1415505202344478,20,0.0038910505836575876,0.008
20,113.30232558139535,108.16279069767442,0.999381578499181,-0.03516334108820346,1.0,0.0,10.0,1.1673151750972763,-1.1665932822947638,0.04104670165938147,20,0.0038910505836575876,0.008
21,120.64583333333333,106.1875,0.652834741729617,-0.75750036303016,1.0,0.0,10.0,1.1673151750972763,-0.7620639008516931,0.8842416689068016,20,0.0038910505836575876,0.008
22,125.44680851063829,101.2127659574468,0.32661379794792883,-0.9451578846891294,1.0,0.0,10.0,1.1673151750972763,-0.381261242740773,1.1032971416604624,20,0.0038910505836575876,0.008
23,131.58333333333334,104.16666666666667,0.9981698404445788,-0.06047288340110823,1.0,0.0,10.0,1.1673151750972763,-1.165178802075384,0.07059091447600183,20,0.0038910505836575876,0.008
24,137.72916666666666,106.1875,0.8694722776389547,-0.4939817389512778,1.0,0.0,10.0,1.1673151750972763,-1.0149481840143442,0.5766323800987678,20,0.0038910505836575876,0.008
25,144.68085106382978,103.93617021276596,-0.30315606992701033,0.9529409201343018,1.0,0.0,10.0,1.1673151750972763,0.3538786808486502,-1.1123823970439322,20,0.0038910505836575876,0.008
26,152.45833333333334,106.625,0.9070862065710176,-0.4209449059539755,1.0,0.0,10.0,1.1673151750972763,-1.0588554940517716,0.49137537659997144,20,0.0038910505836575876,0.008
27,159.5531914893617,107.42553191489361,0.5288254075002784,0.8487306335829787,1.0,0.0,10.0,1.1673151750972763,-0.617305923152076,-0.9907361481513371,20,0.0038910505836575876,0.008
28,165.72549019607843,107.6470588235294,-0.8929372015712378,0.450181245777883,1.0,0.0,10.0,1.1673151750972763,1.0423391458030014,-0.5255033997407195,20,0.0038910505836575876,0.008
29,91.53061224489795,111.42857142857143,-0.6440158416088819,-0.7650121539928653,1.0,0.0,10.0,1.1673151750972763,0.7517694649130918,0.8930102964897261,20,0.0038910505836575876,0.008
30,99.04166666666667,112.20833333333333,-0.1660947281364196,0.9861098018401849,1.0,0.0,10.0,1.1673151750972763,0.19388489665729916,-1.151100936000216,20,0.0038910505836575876,0.008
31,105.19148936170212,111.63829787234043,-0.28815890340745787,-0.9575826055161044,1.0,0.0,10.0,1.1673151750972763,0.33637226078691584,1.1178007068281375,20,0.0038910505836575876,0.008
32,112.53061224489795,113.81632653061224,-0.8518021824243914,0.5238635719507931,1.0,0.0,10.0,1.1673151750972763,0.9943216137249706,-0.6115138972188248,20,0.0038910505836575876,0.008
33,119.33333333333333,113.55555555555556,0.8636480130667237,-0.5040953377347387,1.0,0.0,10.0,1.1673151750972763,-1.0081494315953974,0.5884381374335471,20,0.0038910505836575876,0.008
34,125.53333333333333,110.26666666666667,0.8971209317397242,-0.4417850538830497,1.0,0.0,10.0,1.1673151750972763,-1.047222877517188,0.5157023975288518,20,0.0038910505836575876,0.008
35,131.1818181818182,111.75,0.6796753464826335,-0.7335130696747755,1.0,0.0,10.0,1.1673151750972763,-0.7933953460886772,0.8562409373635512,20,0.0038910505836575876,0.008
36,137.8695652173913,112.95652173913044,0.938605287078437,-0.3449929203163516,1.0,0.0,10.0,1.1673151750972763,-1.095648195033195,0.40271547118640266,20,0.0038910505836575876,0.008
37,144.80434782608697,110.65217391304348,-0.15767381655349305,-0.9874912493655097,1.0,0.0,10.0,1.1673151750972763,0.18405503877839657,1.1527135206601282,20,0.0038910505836575876,0.008
38,151.91489361702128,112.51063829787235,-0.9921972628567687,0.12467795145708926,1.0,0.0,10.0,1.1673151750972763,1.1582069216226873,-0.14553846473590187,20,0.0038910505836575876,0.008
39,159.56521739130434,114.26086956521739,-0.2027541501713732,0.9792296740746188,1.0,0.0,10.0,1.1673151750972763,0.23667799630899594,-1.1430696584528626,20,0.0038910505836575876,0.008
40,167.91836734693877,114.28571428571429,-0.8331267522205824,-0.5530821048762873,1.0,0.0,10.0,1.1673151750972763,0.9725215006465943,0.6456211340968334,20,0.0038910505836575876,0.008
41,90.28571428571429,118.53061224489795,-0.6674473266612886,0.7446570124108811,1.0,0.0,10.0,1.1673151750972763,0.7791213929898311,-0.8692494308298223,20,0.0038910505836575876,0.008
42,96.85106382978724,118.42553191489361,-0.9667631535836464,0.2556736296003227,1.0,0.0,10.0,1.1673151750972763,1.1285172999030892,-0.29845170770465684,20,0.0038910505836575876,0.008
43,104.04545454545455,118.72727272727273,-0.8775614719631923,0.4794641414389561,1.0,0.0,10.0,1.1673151750972763,1.0243908233033374,-0.5596857682166803,20,0.0038910505836575876,0.008
44,110.26666666666667,120.22222222222223,-0.38680268145680435,-0.9221625049945514,1.0,0.0,10.0,1.1673151750972763,0.45152063983284557,1.0764542859858577,20,0.0038910505836575876,0.008
45,117.06521739130434,120.56521739130434,-0.9902057371752522,0.13961589474417105,1.0,0.0,10.0,1.1673151750972763,1.155882183473057,-0.16297575261965494,20,0.0038910505836575876,0.008
46,123.95652173913044,119.02173913043478,-0.8962094145908328,0.44363124912336466,1.0,0.0,10.0,1.1673151750972763,1.0461588497169256,-0.5178574892490638,20,0.0038910505836575876,0.008
47,130.5744680851064,118.14893617021276,-0.1413160664946436,-0.9899645293395524,1.0,0.0,10.0,1.1673151750972763,0.16496038890425324,1.1556006179060923,20,0.0038910505836575876,0.008
48,136.9090909090909,119.43181818181819,0.9923523558949965,0.12343744063147982,1.0,0.0,10.0,1.1673151750972763,-1.1583879640797625,-0.1440903976242955,20,0.0038910505836575876,0.008
49,144.6046511627907,117.48837209302326,0.6740314645944427,-0.7387026362053073,1.0,0.0,10.0,1.1673151750972763,-0.7868071571141355,0.8622987971268179,20,0.0038910505836575876,0.008
50,152.0,118.375,-0.734357173904117,0.678763243801223,1.0,0.0,10.0,1.1673151750972763,0.8572262730398253,-0.7923306347874198,20,0.0038910505836575876,0.008
51,158.37777777777777,121.06666666666666,-0.019161225776317414,0.9998164068601539,1.0,0.0,10.0,1.1673151750972763,0.022367189622160406,-1.1671008640390903,20,0.0038910505836575876,0.008
52,165.17021276595744,121.1063829787234,-0.026808753457119933,-0.999640580777949,1.0,0.0,10.0,1.1673151750972763,0.03129426473593767,1.1668956195851545,20,0.0038910505836575876,0.008
53,171.87755102040816,119.42857142857143,0.8431296145293954,0.5377103803196599,1.0,0.0,10.0,1.1673151750972763,-0.9841979936140803,-0.6276774867544669,20,0.0038910505836575876,0.008
54,88.44444444444444,126.37777777777778,-0.4782456135853482,0.8782261286743716,1.0,0.0,10.0,1.1673151750972763,0.5582633621618851,-1.0251666871685272,20,0.0038910505836575876,0.008
55,95.45652173913044,124.6086956521739,-0.9999994204399989,0.0010766241992070387,1.0,0.0,10.0,1.1673151750972763,1.167314498568092,-0.0012567597656113292,20,0.0038910505836575876,0.008
56,103.24444444444444,125.2,-0.2810317450330204,-0.9596984725858927,1.0,0.0,10.0,1.1673151750972763,0.32805262066111335,1.12027059056719,20,0.0038910505836575876,0.008
57,110.83720930232558,126.4186046511628,-0.9849634183866671,-0.17276302972583968,1.0,0.0,10.0,1.1673151750972763,1.1497627451984442,0.2016689062947545,20,0.0038910505836575876,0.008
58,119.22727272727273,126.18181818181819,-0.18150787000278873,-0.9833894920767919,1.0,0.0,10.0,1.1673151750972763,0.211876891053839,1.147925477132442,20,0.0038910505836575876,0.008
59,125.53191489361703,126.31914893617021,0.13518602836408664,-0.9908202348232218,1.0,0.0,10.0,1.1673151750972763,-0.15780470237052915,1.1565994959025936,20,0.0038910505836575876,0.008
60,132.13333333333333,125.73333333333333,0.9999897765614081,-0.004521810772795227,1.0,0.0,10.0,1.1673151750972763,-1.1673032411222664,0.0052783783340022115,20,0.0038910505836575876,0.008
61,139.21951219512195,124.04878048780488,-0.3563619643195172,-0.9343479814214484,1.0,0.0,10.0,1.1673151750972763,0.4159867287776466,1.0906785775347647,20,0.0038910505836575876,0.008
62,145.34883720930233,124.27906976744185,-0.8799101728573525,0.4751400716653396,1.0,0.0,10.0,1.1673151750972763,1.0271324974988552,-0.5546382159517583,20,0.0038910505836575876,0.008
63,151.64444444444445,125.28888888888889,-0.9999798607087439,0.0063465090342071555,1.0,0.0,10.0,1.1673151750972763,1.1672916661969774,-0.007408376304521972,20,0.0038910505836575876,0.008
64,158.57777777777778,127.13333333333334,-0.553660128113504,0.8327427349051676,1.0,0.0,10.0,1.1673151750972763,0.6462958693931953,-0.9720732314068105,20,0.0038910505836575876,0.008
65,165.35416666666666,128.02083333333334,0.7795172901811012,-0.6263807103580961,1.0,0.0,10.0,1.1673151750972763,-0.9099423620791065,0.7311837085892172,20,0.0038910505836575876,0.008
66,173.26530612244898,125.44897959183673,0.9483051206951705,-0.3173600448438935,1.0,0.0,10.0,1.1673151750972763,-1.1069709580099267,0.370459196315829,20,0.0038910505836575876,0.008
67,89.36170212765957,133.68085106382978,0.8718123862282039,-0.4898399363252093,1.0,0.0,10.0,1.1673151750972763,-1.0176798282819501,0.5717975910411004,20,0.0038910505836575876,0.008
68,95.8695652173913,130.2826086956522,-0.9676968607228454,-0.2521166114066066,1.0,0.0,10.0,1.1673151750972763,1.129607230415773,0.294299546389035,20,0.0038910505836575876,0.008
69,104.04255319148936,131.14893617021278,-0.9875978055556884,-0.15700501412881257,1.0,0.0,10.0,1.1673151750972763,1.1528379053179243,0.1832743355589252,20,0.0038910505836575876,0.008
70,110.74468085106383,133.40425531914894,0.06550881671390943,0.9978519904939527,1.0,0.0,10.0,1.1673151750972763,-0.07646943585281257,-1.164807771004614,20,0.0038910505836575876,0.008
71,117.02127659574468,131.87234042553192,-0.010742294595601404,-0.9999422998887592,1.0,0.0,10.0,1.1673151750972763,0.012539643496810979,1.16724782088182,20,0.0038910505836575876,0.008
72,123.47916666666667,134.47916666666666,-0.690100862522992,0.7237132025498931,1.0,0.0,10.0,1.1673151750972763,0.8055652091708078,-0.8448014037547391,20,0.0038910505836575876,0.008
73,130.8780487804878,131.09756097560975,0.9739491921825505,-0.22676633578853225,1.0,0.0,10.0,1.1673151750972763,-1.1369056718084247,0.2647077849671583,20,0.0038910505836575876,0.008
74,138.8409090909091,130.6590909090909,-0.9344157587615525,-0.35618420764833497,1.0,0.0,10.0,1.1673151750972763,1.090757695052396,0.4157792307179008,20,0.0038910505836575876,0.008
75,146.36170212765958,130.61702127659575,-0.6168232524241583,0.787101693092375,1.0,0.0,10.0,1.1673151750972763,0.7200271429075777,-0.9187957506914883,20,0.0038910505836575876,0.008
76,152.93478260869566,133.02173913043478,0.2730930254838894,0.9619876295629044,1.0,0.0,10.0,1.1673151750972763,-0.3187856328605713,-1.1229427582446356,20,0.0038910505836575876,0.008
77,159.0888888888889,134.2888888888889,0.23873139737029075,0.9710856398431749,1.0,0.0,10.0,1.1673151750972763,-0.2786747829225184,-1.1335630037079862,20,0.0038910505836575876,0.008
78,165.6590909090909,135.0681818181818,0.8170494517455283,0.576567596559442,1.0,0.0,10.0,1.1673151750972763,-0.953754223827465,-0.6730361049332009,20,0.0038910505836575876,0.008
79,172.0408163265306,131.79591836734693,-0.9669716763356704,0.254883850340863,1.0,0.0,10.0,1.1673151750972763,1.12876071167588,-0.2975297863901125,20,0.0038910505836575876,0.008
80,90.70212765957447,139.91489361702128,-0.9484452379774262,-0.3169410521815427,1.0,0.0,10.0,1.1673151750972763,1.1071345190397972,0.36997009982281254,20,0.0038910505836575876,0.008
81,97.52083333333333,136.22916666666666,-0.34279980342541255,-0.9394084813176313,1.0,0.0,10.0,1.1673151750972763,0.40015541255884735,1.0965857758571573,20,0.0038910505836575876,0.008
82,103.8695652173913,138.54347826086956,-0.8970901090903507,0.4418476390932316,1.0,0.0,10.0,1.1673151750972763,1.0471868977708374,-0.5157754541944338,20,0.0038910505836575876,0.008
83,110.36170212765957,139.93617021276594,-0.2229957557206082,0.9748194155486414,1.0,0.0,10.0,1.1673151750972763,0.2603063296349512,-1.137921496749387,20,0.0038910505836575876,0.008
84,117.6734693877551,139.53061224489795,-0.8339944516556972,0.5517728288050372,1.0,0.0,10.0,1.1673151750972763,0.9735343793646272,-0.6440927962704714,20,0.0038910505836575876,0.008
85,125.04347826086956,141.2173913043478,-0.38043587646616933,-0.9248073009537812,1.0,0.0,10.0,1.1673151750972763,0.44408857175039224,1.0795415964441026,20,0.0038910505836575876,0.008
86,131.11111111111111,136.53333333333333,0.89424219508106,0.44758339618065324,1.0,0.0,10.0,1.1673151750972763,-1.0438624845304203,-0.5224708904832528,20,0.0038910505836575876,0.008
87,139.38095238095238,136.21428571428572,0.3944024558811414,-0.9189378122565881,1.0,0.0,10.0,1.1673151750972763,-0.4603919718456904,1.0726900532178072,20,0.0038910505836575876,0.008
88,145.3111111111111,138.48888888888888,0.9165526612957129,-0.399914014597821,1.0,0.0,10.0,1.1673151750972763,-1.0699058303062796,0.46682569797411017,20,0.0038910505836575876,0.008
89,150.7826086956522,139.5,0.5624891690918491,0.8268046532611928,1.0,0.0,10.0,1.1673151750972763,-0.6566021429087733,-0.9651416185928321,20,0.0038910505836575876,0.008
90,157.82608695652175,140.80434782608697,-0.905274183987086,0.42482779076528837,1.0,0.0,10.0,1.1673151750972763,1.0567402925919294,-0.49590792696337166,20,0.0038910505836575876,0.008
91,164.6530612244898,141.81632653061226,-0.4999167590127034,-0.8660734576571636,1.0,0.0,10.0,1.1673151750972763,0.5835604190809768,1.0109806898721754,20,0.0038910505836575876,0.008
92,171.81632653061226,139.77551020408163,-0.4310602858363972,0.9023231294689521,1.0,0.0,10.0,1.1673151750972763,0.503183213038596,-1.0532954818703721,20,0.0038910505836575876,0.008
93,90.85714285714286,146.10204081632654,0.8178117802852618,-0.5754857878580936,1.0,0.0,10.0,1.1673151750972763,-0.9546441015003057,0.6717732932195645,20,0.0038910505836575876,0.008
94,97.73913043478261,143.7391304347826,-0.9351514281008387,0.35424822726580013,1.0,0.0,10.0,1.1673151750972763,1.0916164530359986,-0.4135193314386772,20,0.0038910505836575876,0.008
95,106.2,144.6,-0.994728901020588,0.10253981409371364,1.0,0.0,10.0,1.1673151750972763,1.1611621412691688,-0.1196962810432455,20,0.0038910505836575876,0.008
96,114.55319148936171,146.63829787234042,0.969393857012123,0.2455107940339074,1.0,0.0,10.0,1.1673151750972763,-1.1315881599363304,-0.28658847552596195,20,0.0038910505836575876,0.008
97,121.19148936170212,146.93617021276594,-0.9999410324718954,0.010859630704583094,1.0,0.0,10.0,1.1673151750972763,1.1672463414068819,-0.012676611717412172,20,0.0038910505836575876,0.008
98,129.95555555555555,147.44444444444446,-0.62475960455111,-0.7808171594689378,1.0,0.0,10.0,1.1673151750972763,0.7292913671802841,0.9114597192244411,20,0.0038910505836575876,0.008
99,132.11627906976744,142.6046511627907,0.9336309068968788,-0.3582364159140046,1.0,0.0,10.0,1.1673151750972763,-1.089841525560559,0.418174804568877,20,0.0038910505836575876,0.008
100,138.73809523809524,141.66666666666666,0.882458859769134,-0.47038958408425674,1.0,0.0,10.0,1.1673151750972763,-1.0301076184075495,0.5490928997092491,20,0.0038910505836575876,0.008
101,144.80851063829786,146.51063829787233,-0.09338769428176645,-0.9956298200419347,1.0,0.0,10.0,1.1673151750972763,0.10901287270245112,1.1622137977143208,20,0.0038910505836575876,0.008
102,151.25,146.58333333333334,-0.7450135996055969,-0.6670492758430304,1.0,0.0,10.0,1.1673151750972763,0.8696656804734595,0.7786567422292184,20,0.0038910505836575876,0.008
103,159.5,147.0,0.8662564311810915,-0.499599635145382,1.0,0.0,10.0,1.1673151750972763,-1.0111942776432976,0.583190235578267,20,0.0038910505836575876,0.008
104,168.5625,147.8125,0.6084232593820648,-0.7936127125008172,1.0,0.0,10.0,1.1673151750972763,-0.7102217035588305,0.9263961624523159,20,0.0038910505836575876,0.008
105,92.1875,153.0,-0.420892141622308,-0.9071106906660218,1.0,0.0,10.0,1.1673151750972763,0.49131378399491205,1.0588840747074184,20,0.0038910505836575876,0.008
106,98.25,151.25,-0.121140610765922,0.9926353572300654,1.0,0.0,10.0,1.1673151750972763,0.14140927326761324,-1.1587183158327612,20,0.0038910505836575876,0.008
107,105.30188679245283,149.88679245283018,0.9949329222539347,-0.10054093800659536,1.0,0.0,10.0,1.1673151750972763,-1.1614002983508966,0.11736296265361326,20,0.0038910505836575876,0.008
108,112.125,153.25,0.6959171868581681,0.7181220432735744,1.0,0.0,10.0,1.1673151750972763,-0.8123546928305464,-0.8382747586851064,20,0.0038910505836575876,0.008
109,118.3125,154.0,0.9239762406809182,0.38244987469883934,1.0,0.0,10.0,1.1673151750972763,-1.0785714871761691,-0.44643954245000705,20,0.0038910505836575876,0.008
110,126.08888888888889,152.9777777777778,0.9666810784319377,0.25598377409841,1.0,0.0,10.0,1.1673151750972763,-1.1284214923330014,-0.2988137440837471,20,0.0038910505836575876,0.008
111,132.6888888888889,152.7111111111111,-0.9884091457179992,-0.15181357205801807,1.0,0.0,10.0,1.1673151750972763,1.1537849950015555,0.17721428644904835,20,0.0038910505836575876,0.008
112,138.8235294117647,149.2156862745098,0.23120044849123755,0.9729061376193753,1.0,0.0,10.0,1.1673151750972763,-0.2698837920131178,-1.135688098388376,20,0.0038910505836575876,0.008
113,145.57777777777778,153.53333333333333,-0.9999906931980734,0.004314338563051139,1.0,0.0,10.0,1.1673151750972763,1.1673043111261558,-0.005036192875156971,20,0.0038910505836575876,0.008
114,153.08333333333334,153.16666666666666,-0.44766586831528243,-0.8942009116219488,1.0,0.0,10.0,1.1673151750972763,0.5225671614575281,1.0438142937221193,20,0.0038910505836575876,0.008
115,159.42857142857142,153.57142857142858,-0.7064310864451959,0.7077818308658821,1.0,0.0,10.0,1.1673151750972763,0.824627727367933,-0.8262044718278779,20,0.0038910505836575876,0.008
116,165.57142857142858,153.83673469387756,0.6726272046569027,-0.7399815156849804,1.0,0.0,10.0,1.1673151750972763,-0.785167943179264,0.8637916525505608,20,0.0038910505836575876,0.008
117,98.48979591836735,159.3265306122449,0.9220311723873684,-0.38711563795069687,1.0,0.0,10.0,1.1673151750972763,-1.076300979440508,0.4518859586973115,20,0.0038910505836575876,0.008
118,105.4375,156.3125,0.9885603442616103,0.1508258789245615,1.0,0.0,10.0,1.1673151750972763,-1.1539614913559655,-0.1760613372660251,20,0.0038910505836575876,0.008
119,110.8,161.3,0.7643399804659577,0.6448134569480537,1.0,0.0,10.0,1.1673151750972763,-0.8922256581314683,-0.7527005334023974,20,0.0038910505836575876,0.008
120,118.34782608695652,160.58695652173913,0.9878847173498283,-0.15518951390686722,1.0,0.0,10.0,1.1673151750972763,-1.1531728218091382,0.1811550745994559,20,0.0038910505836575876,0.008
121,125.13333333333334,158.93333333333334,0.45201785040840364,0.8920088917225915,1.0,0.0,10.0,1.1673151750972763,-0.5276472961965801,-1.0412555156294843,20,0.0038910505836575876,0.008
122,131.97674418604652,160.27906976744185,0.9910246438224523,-0.1336793003294883,1.0,0.0,10.0,1.1673151750972763,-1.1568381056293218,0.15604587587099802,20,0.0038910505836575876,0.008
123,137.8181818181818,156.86363636363637,0.4233315844186153,0.9059748173286191,1.0,0.0,10.0,1.1673151750972763,-0.49416138258982334,-1.05755815252368,20,0.0038910505836575876,0.008
124,145.64705882352942,159.7058823529412,-0.7288724555777908,0.6846495041260173,1.0,0.0,10.0,1.1673151750972763,0.8508238781063706,-0.7992017557891253,20,0.0038910505836575876,0.008
125,152.69565217391303,160.2608695652174,0.9998951379220111,-0.0144814764413883,1.0,0.0,10.0,1.1673151750972763,-1.1671927680023477,0.016904447207846264,20,0.0038910505836575876,0.008
126,160.14583333333334,160.20833333333334,0.9943242779793644,-0.1063918710278926,1.0,0.0,10.0,1.1673151750972763,-1.1606898186529546,0.1241928455578513,20,0.0038910505836575876,0.008
127,105.25,165.01923076923077,-0.4864630580403818,0.873701146366422,1.0,0.0,10.0,1.1673151750972763,0.5678557097747648,-1.019884606653411,20,0.0038910505836575876,0.008
128,112.42857142857143,168.6326530612245,0.19736951536152575,0.9803291663548303,1.0,0.0,10.0,1.1673151750972763,-0.230392430383104,-1.1443531124764557,20,0.0038910505836575876,0.008
129,118.86,166.72,-0.3538870032488255,-0.9352881849630977,1.0,0.0,10.0,1.1673151750972763,0.41309766916205315,1.0917760913966121,20,0.0038910505836575876,0.008
130,125.5,166.5,0.4883010568880649,0.8726752419096114,1.0,0.0,10.0,1.1673151750972763,-0.5700012337214766,-1.018687052812776,20,0.0038910505836575876,0.008
131,132.38,166.36,0.3131011718461518,0.9497197777179153,1.0,0.0,10.0,1.1673151750972763,-0.36548774923675315,-1.1086223086201346,20,0.0038910505836575876,0.008
132,140.66666666666666,163.0,-0.9347739137641068,0.35524319859236464,1.0,0.0,10.0,1.1673151750972763,1.0911757748219146,-0.4146807765669626,20,0.0038910505836575876,0.008
133,146.25,168.0,-0.35251172808494735,0.9358073955481245,1.0,0.0,10.0,1.1673151750972763,0.4114922895933238,-1.092382173791585,20,0.0038910505836575876,0.008
134,153.54,166.76,-0.9867142710894263,-0.16246521851910975,1.0,0.0,10.0,1.1673151750972763,1.151806542127735,0.18964811500285186,20,0.0038910505836575876,0.008
135,118.88,173.82,0.7064308666934159,-0.7077820501982155,1.0,0.0,10.0,1.1673151750972763,-0.8246274708483455,0.8262047278578392,20,0.0038910505836575876,0.008
136,126.55102040816327,173.30612244897958,0.48625358428783766,-0.8738177451661363,1.0,0.0,10.0,1.1673151750972763,-0.5676111878846354,1.0200207142017157,20,0.0038910505836575876,0.008
137,133.7450980392157,173.23529411764707,-0.2790313078237517,0.960282005066307,1.0,0.0,10.0,1.1673151750972763,0.3257174799499047,-1.1209517568867398,20,0.0038910505836575876,0.008
138,139.6326530612245,169.83673469387756,-0.03145017276648531,0.9995053209628042,1.0,0.0,10.0,1.1673151750972763,0.03671226392974939,-1.166737728750355,20,0.0038910505836575876,0.008
