cell_id,x,y,x_self_polarity,y_self_polarity,a,s,rac,f,f_x,f_y,fpp,f_coef,p_frac
1,108.83783783783784,92.83783783783784,-0.9687528265148092,0.248028145821332,1.0,3.939731798483032,49.39731798308146,209.7963058843807,203.24076431785932,-52.03538874866795,400,0.6993210196146024,0.16000000000000003
2,116.1,90.25,-0.9998023314022599,-0.019882105587832204,1.0,3.852053461066957,48.52053444065355,205.21393263040858,205.1733682801088,4.080085076652068,400,0.6840464421013619,0.16000000000000003
3,122.6078431372549,86.05882352941177,-0.5943189447253574,-0.8042294398618702,1.0,3.9973325711839136,49.97332571183422,212.69427041628123,126.40823434293407,171.05499395871502,400,0.7089809013876041,0.16000000000000003
4,131.12765957446808,89.80851063829788,0.41571005416855034,-0.909497196731898,1.0,3.8536549094559236,48.53654909445643,205.2994993420193,-85.3450659922471,186.71931914202867,400,0.6843316644733977,0.16000000000000003
5,138.34782608695653,92.45652173913044,-0.5814411271651374,-0.8135884805237439,1.0,3.7056949670606723,47.05694968688038,197.09748959005614,114.60058650866118,160.3562470706182,400,0.6569916319668538,0.16000000000000003
6,146.69565217391303,90.56521739130434,-0.863375865555891,0.5045613092336907,1.0,3.9635075118686554,49.635075469103555,211.0032188051762,182.17508667099804,-106.46406033286262,400,0.7033440626839207,0.16000000000000003
7,154.58536585365854,90.97560975609755,0.09888799925501392,-0.9950985697926313,1.0,4.03674788519497,50.36747885182343,214.62658840000577,-21.22399391380595,213.5746111563175,400,0.7154219613333526,0.16000000000000003
8,97.52830188679245,97.9622641509434,-0.9922106110892017,0.12457167913291053,1.0,4.001286959190778,50.012869452815714,212.8899824720101,211.2316996033226,-26.52006258711419,400,0.7096332749067004,0.16000000000000003
9,105.50980392156863,99.13725490196079,-0.6645921690793282,-0.7472062960109702,1.0,3.6845346030432586,46.845346027876495,195.87528876455465,130.17718302907514,146.3592489978421,400,0.6529176292151821,0.16000000000000003
10,113.96491228070175,97.96491228070175,0.15507047613501287,-0.9879034099704588,1.0,3.4026076952797686,44.0260769527569,178.42309547276523,-27.668154368444565,176.2647844350295,400,0.594743651575884,0.16000000000000003
11,118.86666666666666,95.8,-0.07181190206095288,-0.9974181924962007,1.0,3.397566957010909,43.9756695701764,178.0916122001916,12.78909741319736,177.63181393944944,400,0.5936387073339721,0.16000000000000003
12,125.52727272727273,92.67272727272727,0.8542105164791549,-0.5199272963948088,1.0,3.5315998544391176,45.31599845199639,186.67594427432886,-159.4605547728084,97.0579190084998,400,0.6222531475810962,0.16000000000000003
13,133.08163265306123,98.12244897959184,0.8759093140576016,-0.4824757750883891,1.0,3.099468069980018,40.9946799524069,157.36293195574117,-137.83565778744628,75.92380256552767,400,0.5245431065191373,0.16000000000000003
14,143.0,98.79245283018868,0.9840559472340151,0.17785919350251564,1.0,3.2409614150392376,42.40961415041004,167.4690625760214,-164.79892700563929,-29.78591240639349,400,0.558230208586738,0.16000000000000003
15,148.34782608695653,96.23913043478261,-0.7697598966210433,-0.6383335347245677,1.0,3.625896042945771,46.25896165050895,192.42395376318325,148.12024275616034,122.83066257132954,400,0.6414131792106108,0.16000000000000003
16,154.76363636363635,98.65454545454546,-0.02804515160091139,-0.9996066573766312,1.0,3.648011426803304,46.48011427161206,193.73672906059858,5.433375937169183,193.660524147347,400,0.6457890968686619,0.16000000000000003
17,161.44642857142858,96.0,0.17856699183674385,-0.9839277562028506,1.0,3.9749611491864574,49.74961149186206,211.5792399486661,-37.78106841273793,208.17868682179557,400,0.7052641331622204,0.16000000000000003
18,93.68181818181819,104.72727272727273,-0.96976835025823,-0.2440273485440331,1.0,3.9426682629974388,49.42668262994679,209.9461871416476,203.59916754736125,51.23261138510564,400,0.699820623805492,0.16000000000000003
19,102.0576923076923,104.86538461538461,-0.9068765924509014,-0.42139630523373334,1.0,3.479572597599309,44.79572597361169,183.4009143701689,166.32199627639832,77.28446769207748,400,0.6113363812338963,0.16000000000000003
20,110.21428571428571,104.39285714285714,-0.8422159635064131,-0.5391403071696311,1.0,3.1214088280488728,41.21408828120677,158.95952988082124,133.87825361710233,85.70148976748612,400,0.5298650996027374,0.16000000000000003
21,120.13333333333334,103.66666666666667,-0.6166122275790465,-0.787267020012909,1.0,2.8164344999047874,38.164344994970406,135.94799889990855,83.82719843658639,107.02737597064925,400,0.45315999633302856,0.16000000000000003
22,126.98245614035088,99.78947368421052,0.5759104460898442,-0.8175127877193094,1.0,2.968074103371812,39.68074103395519,147.59615683091602,-85.00216852163945,120.66174562749853,400,0.4919871894363867,0.16000000000000003
23,135.46875,102.875,0.9976013396571255,0.06922114643884954,1.0,2.7625956364911013,37.625956365333195,131.7354829739595,-131.41949429520045,-9.118881158133021,400,0.439118276579865,0.16000000000000003
24,138.52083333333334,104.91666666666667,0.7307621299398581,0.6826321919201892,1.0,2.665811533061795,36.65811533021818,124.08904696127921,-90.67957625963147,-84.70717812046531,400,0.4136301565375974,0.16000000000000003
25,147.1346153846154,104.88461538461539,0.9978792480157883,0.06509229124439427,1.0,2.9432442358985345,39.43244236028589,145.71399704813325,-145.404973799766,-9.484857934241896,400,0.48571332349377755,0.16000000000000003
26,154.83018867924528,106.28301886792453,0.8710864051806876,-0.49112979415770236,1.0,3.216168397137879,42.161683673391714,165.73165251411177,-144.36658941317248,81.39575238467157,400,0.5524388417137059,0.16000000000000003
27,161.5686274509804,104.33333333333333,0.027495618497394958,-0.9996219240109961,1.0,3.654721038433867,46.5472103843276,194.1323546713068,-5.337789162043222,194.05895788931682,400,0.647107848904356,0.16000000000000003
28,166.575,103.225,0.996815315678926,-0.07974475799651758,1.0,3.9721884862341206,49.72188488445793,211.44011892227533,-210.76674889069753,16.861241114211744,400,0.7048003964075844,0.16000000000000003
29,88.23529411764706,112.88235294117646,-0.7882268558741454,0.6153847769312784,1.0,3.9761429677612883,49.761429677328366,211.6384766464817,166.81913102905003,-130.2390967411707,400,0.7054615888216057,0.16000000000000003
30,95.31914893617021,110.61702127659575,-0.7364083376744981,-0.6765373309755215,1.0,3.6488334789187333,46.48833478332189,193.78526711219578,142.70508641990068,131.10296739446343,400,0.6459508903739859,0.16000000000000003
31,101.925,110.85,-0.9873978152475311,0.158257873246175,1.0,3.2206618436660066,42.20661844317035,166.0476280129529,163.95506512702445,-26.278344466901917,400,0.5534920933765097,0.16000000000000003
32,109.625,111.20833333333333,-0.9916712436596499,-0.12879497078117358,1.0,2.773584821352949,37.735848213479315,132.59802877245068,131.4936520995942,17.077959241389,400,0.44199342924150226,0.16000000000000003
33,117.59649122807018,110.94736842105263,-0.9606790704731754,-0.2776611668109096,1.0,2.432217103953032,34.322171039740475,105.45687966576732,101.31021713231085,29.281280256234638,400,0.35152293221922437,0.16000000000000003
34,126.0,108.3859649122807,0.610370078588868,-0.792116384859838,1.0,2.376970947219745,33.76970969831962,101.06187693942265,-61.68514576985391,80.0527686084053,400,0.3368729231314088,0.16000000000000003
35,132.51923076923077,110.28846153846153,0.9866377923469736,0.1629290235430449,1.0,2.2230003505789395,32.23000350578649,88.95588604594255,-87.7672390246377,-14.493495651871791,400,0.2965196201531418,0.16000000000000003
36,141.2,110.91666666666667,0.9993220233918139,-0.036817028181142276,1.0,2.3494902032549008,33.49490203256235,98.88330992175014,-98.81626935068317,3.6405896080337006,400,0.32961103307250045,0.16000000000000003
37,149.60344827586206,111.89655172413794,0.9981332746996082,-0.06107344707347272,1.0,2.645212828555443,36.45212828609826,122.45224971475673,-122.2236650021243,7.47858099198186,400,0.4081741657158558,0.16000000000000003
38,158.0487804878049,112.2439024390244,0.8975701681380953,-0.44087162901297183,1.0,3.1064249544994484,41.06424955842145,157.87030036535398,-141.69967204294238,69.60053649484077,400,0.52623433455118,0.16000000000000003
39,163.83018867924528,113.28301886792453,0.494495140175571,-0.8691803934412823,1.0,3.4380388529753367,44.38038834100941,180.73420193561108,-89.37218452066996,157.0906247466906,400,0.6024473397853702,0.16000000000000003
40,170.82142857142858,111.41071428571429,0.9971037021664746,0.07605397508290042,1.0,3.915998345530886,49.15998345331377,208.57641435387177,-207.97231493685416,-15.863065420150077,400,0.6952547145129059,0.16000000000000003
41,89.5625,121.5,-0.0358770950421593,0.9993562097927524,1.0,3.8383036543039872,48.3830363455963,204.4764006353871,7.336019259474426,-204.3447607310448,400,0.681588002117957,0.16000000000000003
42,94.86274509803921,117.3529411764706,-0.6435243285611307,0.7654256584084086,1.0,3.4656935876302715,44.65693587655872,182.51493024926316,117.45279794103868,-139.70161065540702,400,0.6083831008308772,0.16000000000000003
43,102.19047619047619,116.54761904761905,-0.960662292401757,0.2777192106380132,1.0,2.9940383180417656,39.94038318040861,149.5525416458948,143.66948749205454,-41.53361381480649,400,0.49850847215298266,0.16000000000000003
44,108.57692307692308,118.13461538461539,-0.9988779480253823,0.047358683983000346,1.0,2.5388489821067872,35.388489715553916,113.97009545514177,113.84221508448897,-5.3974737341724435,400,0.37990031818380593,0.16000000000000003
45,115.18181818181819,118.2909090909091,-0.9611527604301551,0.2760169761400429,1.0,2.1788832561442164,31.788832502367974,85.5449848445407,82.22179832428608,-23.611868040735924,400,0.28514994948180233,0.16000000000000003
46,122.01960784313725,116.3921568627451,-0.5900143023255697,-0.8073927935343932,1.0,1.9989287916366747,29.989289103417082,72.02861399956939,42.497912436433694,58.15538387152283,400,0.24009537999856462,0.16000000000000003
47,129.0188679245283,116.35849056603773,-0.8222465665834763,-0.5691314292337799,1.0,1.8781524312386284,28.78152431480827,63.41619855892099,52.14375153084878,36.09215172241188,400,0.21138732852973663,0.16000000000000003
48,137.65384615384616,117.5,0.9973041611098568,-0.07337854068435049,1.0,1.9059461980294221,29.05946198029642,65.36003747883524,-65.18383734793858,4.796024169271384,400,0.21786679159611747,0.16000000000000003
49,146.38333333333333,119.08333333333333,0.9995672253457167,-0.029417036129854083,1.0,2.1601502716077907,31.601502943782307,84.10663830644928,-84.07023908513328,2.474168017821388,400,0.2803554610214976,0.16000000000000003
50,155.2037037037037,117.77777777777777,0.9969394671636196,-0.07817735485112227,1.0,2.712184663508806,37.12184664580167,127.76294516664173,-127.37192247768655,9.988169101117029,400,0.4258764838888058,0.16000000000000003
51,163.75862068965517,120.86206896551724,0.9660263319154699,-0.25844366126090695,1.0,3.1905784580381527,41.90578456294566,163.92313200302905,-158.35406192498155,42.36489440021778,400,0.5464104400100969,0.16000000000000003
52,171.2391304347826,119.54347826086956,0.9999993520187997,-0.0011384032591673318,1.0,3.7156537934013043,47.156537934033935,197.66843186355027,-197.66830377812255,0.22502638706796127,400,0.6588947728785008,0.16000000000000003
53,175.82926829268294,117.78048780487805,0.9915900007296163,0.12941897253895757,1.0,3.9997977019462914,49.997977019483486,212.81632462127737,-211.0265394864867,-27.542470072002974,400,0.7093877487375913,0.16000000000000003
54,90.17948717948718,129.43589743589743,-0.36743999357082346,0.9300472305881424,1.0,3.7749642244943136,47.749642117979576,201.01216544265472,73.85990877790636,-186.95080778446652,400,0.6700405514755158,0.16000000000000003
55,96.56862745098039,124.94117647058823,-0.3329151584135118,0.9429567844278477,1.0,3.214303025724774,42.143029209648944,165.60033611599752,55.13086213138812,-156.1539604441118,400,0.5520011203866584,0.16000000000000003
56,102.06666666666666,124.68888888888888,-0.44668856791658246,0.8946895122290373,1.0,2.8074584373471345,38.07458437345632,135.24809634716001,60.413778470756874,-121.00505335074642,400,0.4508269878238667,0.16000000000000003
57,108.0,124.86274509803921,-0.9505089205703238,-0.31069726731375996,1.0,2.3979224602305447,33.97922460223999,102.72652327413319,97.64247675123858,31.91685006191654,400,0.34242174424711064,0.16000000000000003
58,116.26666666666667,125.85,-0.9007216381880322,-0.434396743196663,1.0,1.9106079471516006,29.106079471909073,65.6883980965774,59.16696154349681,28.5348261989591,400,0.21896132698859133,0.16000000000000003
59,124.41538461538461,124.6,-0.9628920588919303,-0.26988679649597425,1.0,1.6476300041850112,26.476300041851463,48.31169240058678,46.51894496415463,13.03868789529327,400,0.1610389746686226,0.16000000000000003
60,131.16,123.26,-0.16059348070803436,-0.9870206350193892,1.0,1.6067495297287586,26.06749529729346,45.841774436887846,7.361890118652411,45.246777315112645,400,0.15280591478962616,0.16000000000000003
61,138.9607843137255,123.01960784313725,0.7052164885150699,0.7089920340359787,1.0,1.737206896506542,27.372068965057622,53.95228808785297,-38.04804315266911,-38.25174247230198,400,0.17984096029284324,0.16000000000000003
62,145.62962962962962,126.01851851851852,0.9842738029118325,-0.1766495992112038,1.0,1.9376563010502248,29.37656301078475,67.6064385449952,-66.54324636800753,11.942650273070281,400,0.225354795149984,0.16000000000000003
63,153.80769230769232,124.11538461538461,0.9857287687874648,-0.1683413032643758,1.0,2.4479149161360776,34.47914916185795,106.70849001680624,-105.18562848343589,17.963446278802795,400,0.35569496672268747,0.16000000000000003
64,163.2093023255814,126.51162790697674,0.9969914794358222,-0.07751122455728904,1.0,3.065076679533978,40.6507667952979,154.8397929798888,-154.3739542785558,12.00182196406831,400,0.516132643266296,0.16000000000000003
65,169.69230769230768,126.96153846153847,0.9999026405246589,0.013953833588465036,1.0,3.5190615819830273,45.19061583670592,185.8933784915203,-185.875280009721,-2.59392526866822,400,0.6196445949717344,0.16000000000000003
66,177.26,126.76,0.9860854370816422,0.16623931777863632,1.0,3.985752753435951,49.85752753440591,212.1187717710713,-209.16723177509795,-35.26247990726515,400,0.7070625725702376,0.16000000000000003
67,87.88636363636364,136.77272727272728,0.27533330273460904,0.9613488297206441,1.0,3.934016555046426,49.34016555042622,209.50392844109936,-57.68340855356308,-201.40635642872843,400,0.6983464281369979,0.16000000000000003
68,95.46511627906976,132.74418604651163,-0.9522245047096661,-0.3053989073825107,1.0,3.2677085048460457,42.67708504842967,169.3267751442199,161.23710459578982,51.712212119648825,400,0.5644225838140664,0.16000000000000003
69,102.42857142857143,131.57142857142858,0.20592042695290383,0.9785687394166717,1.0,2.7296234071874643,37.29623397202689,129.13992841345421,-26.59254919556593,-126.37229695591311,400,0.4304664280448474,0.16000000000000003
70,109.33898305084746,133.0677966101695,-0.01976235433647615,-0.9998047056055895,1.0,2.2679104048262584,32.67910406204976,92.45830968109708,1.8271938772694836,92.4402530914997,400,0.30819436560365693,0.16000000000000003
71,116.42857142857143,133.53968253968253,0.33065308278651556,-0.9437523715698806,1.0,1.8724435291566606,28.724435291598105,63.01992305087379,-20.837731833740413,59.47520183541352,400,0.2100664101695793,0.16000000000000003
72,123.38888888888889,133.4814814814815,-0.9732230943115227,0.22986258655706712,1.0,1.6143923380139662,26.143923060780686,46.29842570874259,45.058697130014615,-10.642275886931786,400,0.15432808569580864,0.16000000000000003
73,130.3877551020408,130.3469387755102,-0.9796742157641546,-0.20059519178407245,1.0,1.5047197553549438,25.047197553485226,39.97685350393781,39.16429260518877,8.019164595546174,400,0.13325617834645936,0.16000000000000003
74,137.68627450980392,130.45098039215685,-0.7792226142819975,-0.6267472516026931,1.0,1.59626003841676,25.96260038418629,45.218900400905554,35.23558978535089,28.340821546763472,400,0.1507296680030185,0.16000000000000003
75,143.75,133.05769230769232,-0.9904156733032915,0.1381187680048875,1.0,1.8283633629176785,28.283633815099808,59.995673033903905,59.420654903158066,-8.286528445066859,400,0.19998557677967968,0.16000000000000003
76,151.64583333333334,131.22916666666666,-0.9247146536394056,0.3806610163183958,1.0,2.2531013070670576,32.53101308773058,91.30030123356579,84.42672643237019,-34.754465457744836,400,0.3043343374452193,0.16000000000000003
77,157.06,131.1,0.2755566405551884,-0.9612848369999074,1.0,2.6150731099551052,36.15073109954929,120.0529945636912,-33.08139987056104,115.40512331050867,400,0.40017664854563734,0.16000000000000003
78,164.86274509803923,133.11764705882354,0.8824810930604083,-0.47034787167681186,1.0,3.1973621223366306,41.97362122358145,164.4040495125994,-145.08346531743624,77.32709478330034,400,0.5480134983753314,0.16000000000000003
79,172.5090909090909,134.54545454545453,0.5052918725465055,0.8629485057281494,1.0,3.8412369575689977,48.41236957570617,204.63417498490716,-103.39998546513303,-176.5887555241383,400,0.6821139166163572,0.16000000000000003
80,91.57692307692308,144.82692307692307,0.05135980389003047,0.9986802143551146,1.0,3.775690423970485,47.75690423973896,201.05250752872712,-10.3260173582743,-200.78716131542248,400,0.6701750250957571,0.16000000000000003
81,93.62857142857143,138.22857142857143,-0.6747770874450476,0.7380216001304967,1.0,3.489351930301935,44.893519302990946,184.02208381841442,124.1738857445581,-135.81227275901458,400,0.6134069460613814,0.16000000000000003
82,99.97826086956522,138.0,-0.9985828513605085,0.053219253740693674,1.0,2.9726939236140524,39.72693923639404,147.94515064609408,147.7354903771366,-7.873530511939632,400,0.4931505021536469,0.16000000000000003
83,106.79310344827586,140.22413793103448,-0.9972573647568775,-0.07401181282854749,1.0,2.5471315506743997,35.47131550674709,114.6316917784515,114.31729886060117,8.484099316126498,400,0.382105639261505,0.16000000000000003
84,115.63157894736842,141.140350877193,-0.9787915694703745,0.20485864280942864,1.0,2.072191690909822,30.721916909625175,77.44463584050692,75.80215666139138,-15.865202991156682,400,0.25814878613502307,0.16000000000000003
85,123.91071428571429,141.42857142857142,-0.9993850205637596,0.03506537712293853,1.0,1.7896324076711896,27.89632407669841,57.39218292627764,57.35688791397703,-2.0124785382185992,400,0.19130727642092546,0.16000000000000003
86,129.90697674418604,136.6046511627907,-0.7945108813073161,-0.6072499151784806,1.0,1.5672500988553764,25.672500988496505,43.51977468547783,34.576934539654815,26.427379486342996,400,0.14506591561825943,0.16000000000000003
87,136.47619047619048,137.85714285714286,-0.9741657660438217,0.22583414327389498,1.0,1.6632540335369994,26.632540335846095,49.27323776773043,48.00030141546048,-11.127579437606327,400,0.16424412589243476,0.16000000000000003
88,143.38,140.92,-0.9998019485796368,0.019901347099158768,1.0,1.9877969858090994,29.8779698581137,71.21755640348603,71.20345166528553,-1.4173253095396927,400,0.23739185467828675,0.16000000000000003
89,148.89583333333334,138.83333333333334,-0.3751294051095675,0.926972453432216,1.0,2.197454010698207,31.974540106988545,86.97690529861384,32.6275947429402,-80.62519529659758,400,0.28992301766204615,0.16000000000000003
90,155.89795918367346,138.48979591836735,-0.8818582129063645,0.471514678806072,1.0,2.635188174820044,36.35188174781153,121.65476645514033,107.28225493767118,-57.3620081303232,400,0.40551588818380113,0.16000000000000003
91,160.27272727272728,139.95454545454547,-0.5287820819110883,-0.8487576272704566,1.0,2.975114368615122,39.75114339833735,148.12784261507772,78.32734900699883,125.72463623066498,400,0.4937594753835924,0.16000000000000003
92,166.73469387755102,140.59183673469389,-0.9934837606863922,0.11397375685842523,1.0,3.5932372555545613,45.932372555577544,190.46072156325712,189.21963392170852,-21.707523970530893,400,0.6348690718775237,0.16000000000000003
93,90.81395348837209,152.4418604651163,0.019152888589342595,0.999816566605437,1.0,3.905403433306615,49.054034338704156,208.02694189128079,-3.984316841625347,-207.98878280316913,400,0.6934231396376026,0.16000000000000003
94,97.04166666666667,149.60416666666666,-0.2812187633526066,0.9596436875936978,1.0,3.4734431853341086,44.734431853280334,183.010272555624,51.46592252891606,-175.62465282280672,400,0.61003424185208,0.16000000000000003
95,102.77777777777777,144.46666666666667,-0.9402912227404764,0.3403709982316647,1.0,2.9384579845748573,39.384579845783485,145.3499637774503,136.6712951655827,-49.47291226386707,400,0.48449987925816773,0.16000000000000003
96,111.06521739130434,147.02173913043478,-0.3078745688087858,0.9514269545691904,1.0,2.5381741004624483,35.381741004552524,113.91618502241501,35.07189634411788,-108.38292899201673,400,0.37972061674138335,0.16000000000000003
97,120.53061224489795,147.16326530612244,-0.7008070230774996,0.7133509069211681,1.0,2.136322461320957,31.36322461379877,82.28645014668626,57.66692216691428,-58.69911383946213,400,0.2742881671556209,0.16000000000000003
98,128.16071428571428,149.80357142857142,-0.6351653159212128,0.772376217558973,1.0,2.1428594389313154,31.428594389350586,82.7847276248334,52.58198767527886,-63.94095479451864,400,0.27594909208277796,0.16000000000000003
99,131.60416666666666,144.52083333333334,-0.9673354132232179,0.2534998980754555,1.0,1.8508178389135208,28.50817836466555,61.52828151584724,59.51848562504657,-15.597413093025207,400,0.2050942717194908,0.16000000000000003
100,136.87037037037038,145.25925925925927,-0.10125568402374273,0.9948604356656685,1.0,1.9613768594838903,29.613768594771035,69.30602620401373,7.017629090254848,-68.94982342358134,400,0.23102008734671242,0.16000000000000003
101,144.88888888888889,149.2888888888889,0.1857262574506301,0.9826015251837248,1.0,2.4366724588498676,34.36672465376688,105.81201161766398,-19.652068911071325,-103.97104399827464,400,0.35270670539221327,0.16000000000000003
102,151.13333333333333,146.66666666666666,-0.228484484301039,0.9735475542744115,1.0,2.6155903791989683,36.15590380274332,120.09420911380278,27.439663436908365,-116.91742356526244,400,0.4003140303793426,0.16000000000000003
103,159.06,146.12,0.8749971379421674,0.4841280911009148,1.0,3.091820202796512,40.91819560943382,156.80394499627783,-137.20300308978415,-75.91319456814084,400,0.5226798166542594,0.16000000000000003
104,165.025,149.1,-0.1581531195980988,0.9874145992243529,1.0,3.708476886717017,47.084768866568936,197.2572527538351,31.196849886369687,-194.77469117202497,400,0.657524175846117,0.16000000000000003
105,91.33333333333333,159.0,-0.04066453592718483,0.9991728556750462,1.0,4.005305620842291,50.05305620840915,213.08845300358843,8.665143052832658,-212.91219809897333,400,0.7102948433452948,0.16000000000000003
106,97.23255813953489,157.09302325581396,-0.02819264988755705,0.9996025082463117,1.0,3.728988745225793,47.28988745227751,198.42865052990706,5.594229472050081,-198.34977677762592,400,0.6614288350996902,0.16000000000000003
107,103.58730158730158,151.5079365079365,-0.1798044899931166,0.9837023662563363,1.0,3.1686226773280475,41.68622677317767,162.35931443512465,29.19293372763964,-159.71324179358865,400,0.5411977147837488,0.16000000000000003
108,109.22641509433963,155.49056603773585,-0.4054459349985456,0.9141190260535852,1.0,3.0759822563515247,40.7598226507218,155.64255720313588,63.10464213079004,-142.27582280302,400,0.518808524010453,0.16000000000000003
109,115.71698113207547,152.11320754716982,-0.9618019929340417,0.2737460983979603,1.0,2.5851384772292065,35.85138477225379,117.66607320529202,113.1714637095727,-32.21062845375747,400,0.39222024401764005,0.16000000000000003
110,124.84444444444445,155.17777777777778,-0.5191740411863309,0.854668540990163,1.0,2.5229960758599788,35.229960758602935,112.70365083871272,58.5128098623877,-96.32426482658735,400,0.3756788361290424,0.16000000000000003
111,133.97916666666666,153.52083333333334,0.11227048254492554,0.9936776835318029,1.0,2.3980438632609644,33.98043863264938,102.73617729309528,-11.53424019951683,-102.08664666751552,400,0.3424539243103176,0.16000000000000003
112,142.3846153846154,151.17948717948718,0.7393312275773175,0.6733419160642065,1.0,2.4507059700586837,34.50705968477256,106.93112259482321,-79.05751813425128,-72.00120697489481,400,0.3564370753160774,0.16000000000000003
113,149.15384615384616,155.69230769230768,0.4249540602253493,0.90521491740801,1.0,3.0048229151585324,40.048229148233375,150.36150001974318,-63.8967299349638,-136.1094728217163,400,0.5012050000658106,0.16000000000000003
114,156.38,153.52,0.7241925392239253,0.6895978292689178,1.0,3.2689113329133583,42.689113329969466,169.40990691709953,-122.68539065998314,-116.82470406668125,400,0.5646996897236651,0.16000000000000003
115,162.0,155.0888888888889,0.09953725080983926,0.9950338364604588,1.0,3.7404543737489244,47.40454373757932,199.07838516879318,-19.81571515536395,-198.0897293508572,400,0.6635946172293106,0.16000000000000003
116,166.92156862745097,158.66666666666666,0.09078132021622623,0.9958708510142261,1.0,4.04888842151173,50.488884875766324,215.21354861267926,-19.537370071478005,-214.32489980670042,400,0.7173784953755975,0.16000000000000003
117,97.80851063829788,164.4468085106383,0.11472061526787612,0.993397795665241,1.0,3.9756326021955184,49.75632605860145,211.6129001645381,-24.276362105495455,-210.21578855778085,400,0.7053763338817937,0.16000000000000003
118,103.56818181818181,159.5681818181818,-0.316093143413788,0.9487281616389336,1.0,3.56767409087714,45.67674090875186,188.90363575286443,59.711144027416154,-179.2181990747258,400,0.6296787858428814,0.16000000000000003
119,111.12962962962963,162.9814814814815,0.5375004327045051,0.8432634729682472,1.0,3.457410237326765,44.57410237056292,181.98369395700377,-97.81631424705375,-153.4602017897736,400,0.6066123131900125,0.16000000000000003
120,118.33333333333333,157.7058823529412,0.26447296453716357,-0.9643930998451431,1.0,2.8418726349345524,38.41872634938263,137.92584496919883,-36.47765710529724,133.0147331786063,400,0.45975281656399614,0.16000000000000003
121,126.60655737704919,162.95081967213116,0.13105417528856556,0.9913752080516408,1.0,3.0415140652888537,40.415140670388205,153.09706870419288,-20.064010078124856,-151.77663833871557,400,0.5103235623473096,0.16000000000000003
122,132.75925925925927,160.40740740740742,0.29586124318544427,0.9552309274624453,1.0,2.8620870306734854,38.620870045189996,139.49124902241778,-41.270054349262914,-133.24635517657904,400,0.46497083007472595,0.16000000000000003
123,140.4181818181818,158.05454545454546,0.12369903343020777,0.9923197816875527,1.0,2.8357816547477612,38.35781654754956,137.45304820209122,-17.002809204634442,-136.39737878418782,400,0.45817682734030407,0.16000000000000003
124,146.0188679245283,163.66037735849056,-0.24058716016495557,0.9706275384326174,1.0,3.410422547901512,44.104225478612754,178.9356887600678,43.04962921094507,-173.67990711892958,400,0.5964522958668926,0.16000000000000003
125,153.125,160.875,-0.999502908178834,-0.031526759142882985,1.0,3.5358260565725113,45.35826056507359,186.938757969898,186.84583224225224,5.893573196986671,400,0.6231291932329933,0.16000000000000003
126,158.6590909090909,163.0,-0.9467795688446733,0.3218826618789751,1.0,3.940999667527421,49.40999667528648,209.86104807156934,198.6921526104917,-67.55063277798828,400,0.6995368269052311,0.16000000000000003
127,104.28301886792453,167.22641509433961,0.14911641235777098,0.9888196476433644,1.0,3.94352001237019,49.435200123575186,209.98961835320196,-31.312898521207018,-207.64186042877773,400,0.6999653945106732,0.16000000000000003
128,112.46666666666667,169.2,-0.6174348369231437,0.7866220325885177,1.0,3.854835531889457,48.54835531892348,205.36253558483259,126.79798366894441,-161.5426951592728,400,0.6845417852827753,0.16000000000000003
129,118.57894736842105,164.97368421052633,-0.5937553390229667,-0.8046456346626892,1.0,3.334502357844535,43.34502299757524,173.88863728999752,103.24730678636418,139.91873291284023,400,0.5796287909666584,0.16000000000000003
130,121.93023255813954,166.2325581395349,-0.9999306629097796,-0.011775796058384531,1.0,3.337958755071269,43.3795887358004,174.1216539800042,174.10958089117287,2.0504210866171286,400,0.5804055132666807,0.16000000000000003
131,130.51020408163265,169.9387755102041,-0.0632527027936308,0.9979975428773864,1.0,3.5355000628106263,45.35500062936288,186.91850281991748,11.82310050549868,-186.54420653259746,400,0.6230616760663916,0.16000000000000003
132,138.11666666666667,165.5,0.1324342855027931,0.9911917877098078,1.0,3.334967466153342,43.34967465719347,173.92001308192516,-23.032972667141188,-172.38808868518655,400,0.5797333769397506,0.16000000000000003
133,144.22916666666666,170.4375,0.4392718874788167,0.8983541667242368,1.0,3.8870256845081412,48.87025684508581,207.066643507203,-90.95855532731233,-186.01918198429794,400,0.69022214502401,0.16000000000000003
134,151.66666666666666,169.38095238095238,-0.825664010723866,0.564162158776517,1.0,3.9694921672716523,49.6949217840012,211.3046324184132,174.46663028711927,-119.21007758465039,400,0.704348774728044,0.16000000000000003
135,119.24444444444444,173.13333333333333,0.2389296418718139,-0.9710368820158206,1.0,3.88937741344363,48.89377390609406,207.19003788444135,-49.50384155113713,201.18916837204767,400,0.6906334596148045,0.16000000000000003
136,126.66666666666667,174.90196078431373,0.02775361387484398,0.9996147942667145,1.0,3.8780980428065366,48.78098025136636,206.59684332100852,-5.733809017292909,-206.5172610324826,400,0.6886561444033618,0.16000000000000003
137,132.39473684210526,179.68421052631578,-0.24916098148374705,0.9684620825339812,1.0,4.058231618108295,50.58231632650178,215.6626361574025,53.734714094350636,-208.8610857377663,400,0.7188754538580083,0.16000000000000003
138,136.16981132075472,173.64150943396226,-0.031951059705074135,0.9994894345533237,1.0,3.871785040961469,48.7178504096099,206.2633301706987,6.590331977251414,-206.15801924139717,400,0.687544433902329,0.16000000000000003
