cell_id,x,y,x_self_polarity,y_self_polarity,a,s,rac,f,f_x,f_y,fpp,f_coef,p_frac
1,113.1923076923077,106.1923076923077,-0.9581759027946554,0.2861799072325783,1.0,3.7099209161260025,47.099209161074626,197.3400980688108,189.0865266246686,-56.474770958600175,400,0.657800326896036,0.16000000000000003
2,120.13333333333334,104.63333333333334,-0.7600933287503294,-0.6498139207413485,1.0,3.665583543376484,46.65583543460787,194.7702237949453,148.0435477457466,126.5644027678633,400,0.6492340793164844,0.16000000000000003
3,127.58695652173913,102.65217391304348,-0.6289897949947426,0.777413556475877,1.0,3.6253134307972674,46.253134307974,192.3891804227814,121.01083115333182,-149.56595697995365,400,0.641297268075938,0.16000000000000003
4,136.2888888888889,103.86666666666666,-0.11057522105075622,0.9938677580491161,1.0,3.373400456441761,43.73400456329129,176.49318503099022,19.515772948753764,-175.41088611769806,400,0.5883106167699674,0.16000000000000003
5,144.8235294117647,102.50980392156863,-0.9551986200210432,0.29596553230046,1.0,3.6366839136527513,46.366839136599175,193.06600176917766,184.4163784628988,-57.140881982736225,400,0.6435533392305922,0.16000000000000003
6,153.3,107.44,-0.4969605275716624,0.867773146643577,1.0,3.425611763430124,44.2561176342181,179.9273828077412,89.41680708472353,-156.136151146417,400,0.5997579426924706,0.16000000000000003
7,161.96,111.52,-0.38135026632323543,0.9244306217208501,1.0,3.647917117553072,46.47917117114531,193.73115932990135,73.87942920556704,-179.09101606604176,400,0.6457705310996712,0.16000000000000003
8,102.78947368421052,117.86842105263158,0.5766242574087398,0.8170094649193603,1.0,3.425510584692836,44.2551115665025,179.92083429386432,-103.74671746706044,-146.997024554275,400,0.5997361143128811,0.16000000000000003
9,109.58,113.66,0.5781027701127774,0.8159639619419065,1.0,3.1383297678127864,41.38329767814498,160.18368259438182,-92.60263063467802,-130.70411228815658,400,0.5339456086479394,0.16000000000000003
10,117.66,112.66,0.9076221149564886,0.4197881566241602,1.0,2.530403505596505,35.304035054936996,113.29542572602918,-102.82943391235438,-47.56007791947925,400,0.3776514190867639,0.16000000000000003
11,122.0,107.05555555555556,-0.9953367062917245,0.09646160432183096,1.0,3.093544610859116,40.93544610861593,156.93012883308714,156.19831755066096,-15.137731993671208,400,0.5231004294436238,0.16000000000000003
12,131.30232558139534,108.65116279069767,-0.9541596466540272,0.299298126785087,1.0,2.571175481706491,35.71175481708742,116.5516800997768,111.20890990093625,-34.8836995275179,400,0.38850560033258935,0.16000000000000003
13,139.6078431372549,110.09803921568627,-0.18065110700491982,0.9835472421484883,1.0,2.431589161228667,34.315891727777554,105.40683481944781,19.041861396017975,-103.67260169026915,400,0.35135611606482603,0.16000000000000003
14,146.43478260869566,108.15217391304348,-0.9334567732870911,-0.3586899112108568,1.0,2.8120941105354498,38.12094110068031,135.60968665616028,126.58578053253287,48.641826466030246,400,0.4520322888538676,0.16000000000000003
15,155.27083333333334,114.375,-0.22742374992708297,0.9737958913289292,1.0,2.8344005663929095,38.34400566140885,137.34577492038517,31.2356911690351,-133.74675130885896,400,0.4578192497346172,0.16000000000000003
16,161.97826086956522,118.34782608695652,0.07296740141379165,0.9973343262572079,1.0,3.0429168274474345,40.429168205081794,153.20113058702992,-11.178688392590526,-152.79274635585801,400,0.5106704352900997,0.16000000000000003
17,168.83673469387756,117.93877551020408,-0.22686453528912978,0.9739263229978166,1.0,3.751221607413014,47.512216074147446,199.68524890199646,45.30150119624564,-194.4787202200252,400,0.6656174963399882,0.16000000000000003
18,97.61904761904762,125.85714285714286,-0.10333837594398844,0.9946462587559755,1.0,3.426769667728342,44.26769663570778,180.00273147825598,18.60118993644482,-179.03904343070377,400,0.6000091049275199,0.16000000000000003
19,101.55882352941177,122.67647058823529,0.19486281002756956,0.9808305079207923,1.0,3.084888267510555,40.848882679134725,156.2963027106316,-30.45633674311331,-153.3001819738107,400,0.5209876757021054,0.16000000000000003
20,111.56756756756756,119.32432432432432,0.5111245169475614,0.8595066772138085,1.0,2.3462821361117396,33.46282136115265,98.62938895049399,-50.411898784154396,-84.7726183724674,400,0.32876462983497995,0.16000000000000003
21,119.67647058823529,114.79411764705883,-0.6450510760919955,0.7641394566651813,1.0,2.248772468701211,32.48772468701456,90.96235902472219,58.67536757276349,-69.50792760213437,400,0.30320786341574063,0.16000000000000003
22,128.75510204081633,113.57142857142857,-0.995408578839133,0.09571708924459424,1.0,2.1308012018667557,31.308012018604558,81.86624592816678,81.49036351425146,-7.835998767626239,400,0.2728874864272226,0.16000000000000003
23,139.35714285714286,113.88095238095238,0.18718611628937032,0.982324466695451,1.0,2.203073240974242,32.03073180548042,87.41131084648137,-16.362183797115758,-85.86626931042011,400,0.2913710361549379,0.16000000000000003
24,142.05,114.5,0.4965171028717366,0.8680269388422558,1.0,2.1619689049439206,31.619689187534608,84.24599826835198,-41.82957898873946,-73.12779598658756,400,0.28081999422783993,0.16000000000000003
25,149.17948717948718,117.64102564102564,0.3089470312182338,0.9510792458577989,1.0,2.270349704877664,32.70349718004886,92.6493273515572,-28.623734629629908,-88.11685238675136,400,0.30883109117185736,0.16000000000000003
26,156.04651162790697,121.5813953488372,0.02746087185248332,0.9996228791484824,1.0,2.5052829112809936,35.05282881040307,111.28856448058164,-3.0560810078480793,-111.24659524238055,400,0.3709618816019388,0.16000000000000003
27,165.97368421052633,125.07894736842105,-0.061792922470268984,0.9980889913893366,1.0,3.213614886054895,42.136148860541496,165.55188173527665,10.22993459287509,-165.23551066376902,400,0.5518396057842555,0.16000000000000003
28,170.05263157894737,127.5,-0.15790821816260775,0.9874537936717396,1.0,3.6904421287833014,46.90441922706715,196.21773073510076,30.984392232290116,-193.75594260003513,400,0.6540591024503358,0.16000000000000003
29,92.9622641509434,133.22641509433961,0.02935818853823812,0.9995689554831889,1.0,3.692611883577018,46.92611883575727,196.34327993671081,-5.764283030598023,-196.2586472424814,400,0.6544775997890361,0.16000000000000003
30,100.97872340425532,131.87234042553192,-0.012034576903800756,0.9999275818571796,1.0,2.766612238431456,37.66612238411696,132.05090047112697,1.589176716935917,-132.04133759015707,400,0.44016966823708986,0.16000000000000003
31,106.375,126.375,0.07267975072608521,0.9973553297769027,1.0,2.407882757041264,34.078827571365295,103.51886059384321,-7.52372498340889,-103.24508734570172,400,0.34506286864614405,0.16000000000000003
32,109.40625,122.65625,-0.09316593352969987,0.9956505957561315,1.0,2.3373965906785523,33.37396685490045,97.92657395578786,9.12342067995617,-97.50065169943704,400,0.32642191318595953,0.16000000000000003
33,117.925,121.975,0.0491085328013966,0.9987934481193268,1.0,1.9511939080750604,29.511939080277884,68.57444867354889,-3.367590562022663,-68.49171004353569,400,0.22858149557849627,0.16000000000000003
34,124.53191489361703,118.0,0.22147446004005,0.9751661722752529,1.0,1.9371566173388135,29.371566173423346,67.57080977037671,-14.965208608363117,-65.89276792131751,400,0.22523603256792235,0.16000000000000003
35,138.36170212765958,121.1063829787234,0.012717649405734216,0.9999191274266098,1.0,1.8483574627484993,28.483574625099553,61.35953803813266,-0.7803490924667839,-61.354575734389485,400,0.2045317934604422,0.16000000000000003
36,145.775,120.3,0.061758716786691724,0.9980911085170838,1.0,2.056289736969555,30.56289736969327,76.25803036721575,-4.709598100159814,-76.11246206254381,400,0.25419343455738586,0.16000000000000003
37,152.20689655172413,125.48275862068965,0.08844269691512786,0.9960812664448512,1.0,2.2202401508032343,32.20240153711261,88.74157269030972,-7.848544017220851,-88.39381811167154,400,0.2958052423010324,0.16000000000000003
38,160.46808510638297,126.27659574468085,-0.03557433442253063,0.9993670330416118,1.0,2.714911074725727,37.14911074727569,127.97840516859674,4.552746584329783,-127.89739906673779,400,0.42659468389532246,0.16000000000000003
39,164.81034482758622,133.72413793103448,-0.18126908526828642,0.9834335354898157,1.0,3.0054772726184558,40.05477272645316,150.41051342515567,27.264776183311284,-147.91874299253922,400,0.5013683780838523,0.16000000000000003
40,172.35555555555555,135.75555555555556,0.08619419832063198,0.9962783547663091,1.0,3.711742372085385,47.11742371513581,197.44451473441836,-17.0185716603394,-196.7096962972386,400,0.6581483824480612,0.16000000000000003
41,92.25,141.47916666666666,0.07320463301158606,0.9973169414512314,1.0,3.8237459978204513,48.237459978469296,203.68991483684127,-14.911045463792183,-203.14340286954032,400,0.6789663827894709,0.16000000000000003
42,98.25,136.55,0.39424845938210823,0.9190038913273623,1.0,3.0092955314795296,40.0929553147737,150.69635104638436,-59.41180423454239,-138.49053302046144,400,0.5023211701546145,0.16000000000000003
43,106.51282051282051,137.2051282051282,-0.0713770019672823,0.9974494090379534,1.0,2.3396443322331,33.39644306863132,98.10428745381046,7.002389918589458,-97.85406354489275,400,0.3270142915127015,0.16000000000000003
44,108.25581395348837,130.67441860465115,-0.08068958279670392,0.9967392794648428,1.0,2.2305974069621453,32.305974069619225,89.54634556773209,7.22545726482978,-89.2543599598911,400,0.29848781855910694,0.16000000000000003
45,115.04255319148936,128.61702127659575,-0.140849026166213,0.9900310862937736,1.0,1.9372771094409547,29.372770948180463,67.57939946955707,9.518492604184605,-66.90570626792646,400,0.2252646648985236,0.16000000000000003
46,123.01960784313725,125.13725490196079,0.38596539713737804,0.9225132585565293,1.0,1.7706922975003614,27.706922974982252,56.13804405597363,-21.667342468579488,-51.78808995106623,400,0.1871268135199121,0.16000000000000003
47,130.96,121.6,0.4346089917922419,0.9006192448828367,1.0,1.7751628813105147,27.751628813440444,56.43292148017391,-24.526255108389133,-50.82457513000664,400,0.18810973826724636,0.16000000000000003
48,145.46341463414635,125.58536585365853,0.1523241703724431,0.9883305859480152,1.0,1.945691710720459,29.456917107202933,68.18037725622,-10.3855194012339,-67.38475220379664,400,0.2272679241874,0.16000000000000003
49,152.025,131.6,0.07747868191280688,0.9969940089333807,1.0,2.1957079304477403,31.95707930433465,86.84202503311391,-6.728405634204645,-86.58097868165724,400,0.28947341677704636,0.16000000000000003
50,156.93023255813952,132.1627906976744,-0.154729358388887,0.9879568946328394,1.0,2.4614321530605596,34.61432153057901,107.78695249549243,16.677806002320985,-106.48886286938408,400,0.3592898416516414,0.16000000000000003
51,167.09302325581396,141.30232558139534,-0.18203429837365917,0.9832921815084312,1.0,3.2541172240247103,42.54117215571336,168.38497103209102,30.651840058495612,-165.57162549937877,400,0.5612832367736367,0.16000000000000003
52,171.42424242424244,144.27272727272728,-0.525039605435787,0.8510777947542946,1.0,3.597225586915433,45.972255869173466,190.70204203951093,100.12612490822367,-162.30227339412772,400,0.6356734734650364,0.16000000000000003
53,175.51063829787233,143.4468085106383,-0.16487255295787712,0.9863148793773476,1.0,3.8729665428838156,48.72966352612009,206.32582081271053,34.017464818521084,-203.50222706732083,400,0.6877527360423684,0.16000000000000003
54,94.64285714285714,149.83333333333334,0.12850056245950642,0.99170943599806,1.0,3.836138821571784,48.36138813666909,204.3598110610263,-26.26035066546034,-202.66555296800053,400,0.681199370203421,0.16000000000000003
55,98.52777777777777,143.55555555555554,-0.1441035880542997,0.9895626083830557,1.0,3.1223037200464447,41.22303720042279,159.0244285075839,22.915990736227307,-157.3646282705895,400,0.530081428358613,0.16000000000000003
56,102.88571428571429,142.42857142857142,-0.6053456184657864,0.7959627392059723,1.0,2.6683632133247452,36.68363213320724,124.29161653876362,75.23938548377022,-98.93149556053261,400,0.4143053884625454,0.16000000000000003
57,114.48780487804878,134.85365853658536,0.03561335458212547,0.999365643283482,1.0,1.9555439356423345,29.555439356364314,68.88661103302512,-2.45328330468008,-68.84291234863815,400,0.2296220367767504,0.16000000000000003
58,121.26829268292683,132.0487804878049,-0.7710105049433184,0.6368224252231145,1.0,1.7586136186194812,27.586136186172357,55.34492125341558,42.67151568164414,-35.2448869763824,400,0.1844830708447186,0.16000000000000003
59,128.53333333333333,129.26666666666668,0.7556343737391708,0.6549936589187803,1.0,1.6765929033625444,26.7659290336986,50.10171565178267,-37.85857852979281,-32.81630605286945,400,0.16700571883927556,0.16000000000000003
60,138.18,127.06,-0.021441057923855308,0.999770114093788,1.0,1.7514162717117394,27.51416271710365,54.87482588071286,1.1765743202698389,-54.86221093163705,400,0.18291608626904288,0.16000000000000003
61,145.30769230769232,132.1153846153846,-0.005724151374973103,0.9999836169113154,1.0,1.926127613422147,29.261276134506023,66.78627131537613,0.382294726779237,-66.78517714997025,400,0.22262090438458706,0.16000000000000003
62,151.02272727272728,138.3409090909091,-0.5540505231428765,0.8324830435541044,1.0,2.2462576160611407,32.46257729297899,90.76615776747622,50.28903719473906,-75.56128726998061,400,0.30255385922492073,0.16000000000000003
63,159.26315789473685,138.7719298245614,-0.1594448491593312,0.9872068375353557,1.0,2.705485807857899,37.054858078566724,127.23328281124088,20.286691585884828,-125.60556675332664,400,0.4241109427041363,0.16000000000000003
64,162.91836734693877,146.0408163265306,-0.3194421206346724,0.9476057891150852,1.0,3.167379035360906,41.67379035361166,162.27040422331567,51.83600204134146,-153.7683744440589,400,0.5409013474110522,0.16000000000000003
65,167.60416666666666,150.64583333333334,-0.26880033773784984,0.9631959190279089,1.0,3.593238351191614,45.93238351165529,190.46078791466718,51.195924117279525,-183.4510536542475,400,0.6348692930488906,0.16000000000000003
66,175.02325581395348,151.62790697674419,-0.07995332020453898,0.9967986088414602,1.0,3.9626391460553143,49.626391460828955,210.95940273257153,16.86690467683559,-210.28403916585265,400,0.7031980091085718,0.16000000000000003
67,95.93478260869566,157.7826086956522,0.1361197140965133,0.9906923959707591,1.0,3.943762455368749,49.43762465887002,210.00197764798497,-28.585409157146092,-208.04736239468002,400,0.7000065921599499,0.16000000000000003
68,102.44444444444444,150.80555555555554,0.5901765413840901,0.8072742099187322,1.0,2.982666043684263,39.82666043685204,148.69716100613255,-87.7575761962325,-120.03938316838416,400,0.4956572033537751,0.16000000000000003
69,105.61764705882354,146.94117647058823,0.27946552769332866,0.9601557263439559,1.0,2.598029001509436,35.98029001509797,118.69434418345351,-33.17097753144241,-113.9650542523833,400,0.39564781394484505,0.16000000000000003
70,110.34146341463415,140.6341463414634,-0.38961396903129464,0.9209782598605035,1.0,2.19379071525261,31.93790715270919,86.69398311019565,33.777186850695344,-79.84327370520387,400,0.28897994370065216,0.16000000000000003
71,117.6875,139.95833333333334,-0.41366750058282936,0.9104280306326002,1.0,1.922479222100741,29.22479222097345,66.52753497275394,27.52027911211589,-60.56853264808581,400,0.2217584499091798,0.16000000000000003
72,124.81818181818181,136.22727272727272,-0.7351008996079429,0.6779577179998713,1.0,1.7325777256661423,27.32577725667162,53.65334467886388,39.44062194040787,-36.374699121543095,400,0.1788444822628796,0.16000000000000003
73,132.11111111111111,132.11111111111111,0.566266417392508,0.82422226646303,1.0,1.6770205183306675,26.770205183311795,50.12838932915556,-28.38602343507775,-41.31693466701776,400,0.1670946310971852,0.16000000000000003
74,138.12244897959184,133.40816326530611,0.08456268597777426,0.996418161285825,1.0,1.7503561984111977,27.503561376265488,54.80574216766806,-4.6345207647033755,-54.609436838612815,400,0.1826858072255602,0.16000000000000003
75,144.56521739130434,139.41304347826087,-0.8777801739075627,0.4790636349116984,1.0,2.0041088294951135,30.0410882949494,72.40713005195146,63.55754320914946,-34.687622916211936,400,0.2413571001731715,0.16000000000000003
76,153.75510204081633,144.26530612244898,-0.5265937471847036,0.8501170657185824,1.0,2.5731608430227277,35.7316084302148,116.7101643707186,61.4588427905194,-99.21730247436874,400,0.3890338812357287,0.16000000000000003
77,159.1206896551724,151.44827586206895,-0.28504069248037683,0.9585154164802501,1.0,3.199093567868881,41.99093568310488,164.52662578531638,46.8967833453064,-157.70130723670277,400,0.5484220859510546,0.16000000000000003
78,165.28846153846155,157.3653846153846,-0.2275791575628717,0.9737595838003207,1.0,3.7473625088323193,47.47362508832874,199.46810881853986,45.39478416558252,-194.23398262457846,400,0.6648936960617995,0.16000000000000003
79,171.24489795918367,158.6734693877551,-0.3300049382743006,0.9439792056579293,1.0,3.99099632962676,49.909963295939995,212.37980989673176,70.08638605567866,-200.48212424409886,400,0.7079326996557725,0.16000000000000003
80,100.06818181818181,164.29545454545453,0.1320225693102615,0.9912467105583339,1.0,3.6456164359194116,46.45616435947196,193.59521065429155,-25.55893711674088,-191.90061574091422,400,0.6453173688476385,0.16000000000000003
81,101.31111111111112,155.2888888888889,0.5002655101981257,0.8658720571228806,1.0,3.279291486006438,42.79291526603083,170.12583981983147,-85.1080900553526,-147.30721089455514,400,0.5670861327327715,0.16000000000000003
82,107.57575757575758,153.9090909090909,0.9956520758545909,-0.09315011458095013,1.0,2.7042699673627015,37.042699673678165,127.13710853343288,-126.58432602946287,11.842836227379966,400,0.4237903617781096,0.16000000000000003
83,112.21621621621621,146.86486486486487,0.9319607225295017,0.36255925262264255,1.0,2.2571535661131357,32.57153566053076,91.61688182970703,-85.38333538591374,-33.21654820379554,400,0.30538960609902344,0.16000000000000003
84,117.57142857142857,148.5952380952381,0.6679460784329924,0.7442096722738739,1.0,2.1404320185186925,31.40432018512615,82.59960216150183,-55.17208034390047,-61.47142285456365,400,0.2753320072050061,0.16000000000000003
85,122.87272727272727,143.65454545454546,0.6830706595931118,0.7303522944463386,1.0,1.8968546449744204,28.968546504461568,64.72156118854132,-44.209399490952855,-47.26954071420025,400,0.21573853729513773,0.16000000000000003
86,130.75,139.5625,-0.08310251181745597,0.9965410039379362,1.0,1.7529390479831166,27.52939048026011,54.97412929253355,4.568488229187121,-54.783973995795286,400,0.1832470976417785,0.16000000000000003
87,136.3125,139.72916666666666,0.03680259306304762,0.9993225551061257,1.0,1.8072510914752202,28.072510914744186,58.570117485798015,-2.155532199484714,-58.53043945877364,400,0.19523372495266006,0.16000000000000003
88,139.57142857142858,146.0204081632653,-0.31394738566741637,0.9494403820317495,1.0,2.048223475421109,30.48223475418311,75.65838808326706,23.7527531425525,-71.83312888568344,400,0.2521946269442235,0.16000000000000003
89,146.0222222222222,145.66666666666666,0.06702800008678456,0.9977510948149173,1.0,2.2501614328571584,32.50161564019934,91.07077441263583,-6.104291875233691,-90.86596487584976,400,0.30356924804211943,0.16000000000000003
90,151.55102040816325,150.6326530612245,-0.6217843238503835,0.7831885179277857,1.0,2.7396681242141883,37.39668124263418,129.93179070617543,80.78955063090883,-101.76108659487278,400,0.4331059690205848,0.16000000000000003
91,158.2127659574468,158.91489361702128,-0.6560912804579363,0.7546815432399719,1.0,3.545408697941111,45.454087102584616,187.53287107743841,123.03868151314965,-141.52759655294392,400,0.6251095702581281,0.16000000000000003
92,162.7608695652174,164.2826086956522,-0.8593183680948708,0.5114410447498011,1.0,3.992029631056322,49.92029631055933,212.43116412434736,182.54600128782783,-108.64601651717268,400,0.7081038804144912,0.16000000000000003
93,92.36363636363636,168.75,-0.013765984865450746,0.9999052443410247,1.0,4.004697734844273,50.04697734815732,213.05845872438647,2.9329595182561667,-213.03827022972976,400,0.7101948624146216,0.16000000000000003
94,99.9795918367347,171.0,0.996698698802145,-0.08118930844705431,1.0,3.5581751168325426,45.58175116446881,188.32048720906994,-187.698784559066,15.289610122916725,400,0.6277349573635664,0.16000000000000003
95,106.55319148936171,162.82978723404256,0.9802619184329983,-0.1977032404136507,1.0,3.048390133935948,40.48390133929721,153.60678759580082,-150.5748842929898,30.368559657221187,400,0.5120226253193361,0.16000000000000003
96,110.26666666666667,154.36666666666667,0.9978444874312459,-0.06562300589788801,1.0,2.5794387974252135,35.79438798043857,117.21124420711578,-116.95859389702804,7.691754169902351,400,0.3907041473570526,0.16000000000000003
97,117.39583333333333,154.58333333333334,0.5565018816070334,0.8308463490729386,1.0,2.3567382002699917,33.567382175039945,99.4573183726473,-55.34818481396799,-82.6337498584989,400,0.331524394575491,0.16000000000000003
98,123.68085106382979,151.40425531914894,-0.013689898441225512,0.999906288949454,1.0,2.133520624984003,31.335206249824672,82.07313687023391,1.1235729085063033,-82.06544571035619,400,0.2735771229007797,0.16000000000000003
99,128.68421052631578,148.71052631578948,0.16837480917656825,0.9857230461112056,1.0,2.0119806221930174,30.119806221901882,72.98368639015634,-12.288614268945073,-71.94170166492985,400,0.24327895463385446,0.16000000000000003
100,132.91489361702128,148.46808510638297,0.3627483631477372,0.9318871310591413,1.0,2.021437775002797,30.214377641719857,73.6784595704784,-26.72674060843777,-68.66000830999005,400,0.24559486523492796,0.16000000000000003
101,138.2340425531915,153.70212765957447,-0.41156536663589144,0.9113802439080322,1.0,2.3734925911731213,33.734926062693745,100.78580455558036,41.47994660361073,-91.85419113833208,400,0.3359526818519345,0.16000000000000003
102,144.77272727272728,152.9090909090909,-0.7157506960087712,0.6983558843189908,1.0,2.5460047700520865,35.46004770049711,114.54169128995466,81.98329526280685,-79.99086411218913,400,0.3818056376331822,0.16000000000000003
103,151.19607843137254,157.4313725490196,-0.3348583315987471,0.942268484965354,1.0,3.124698957373809,41.24699002158088,159.19805117984325,53.308793811854265,-150.00730649466777,400,0.5306601705994775,0.16000000000000003
104,153.24,163.6,-0.6852645780985058,0.7282942111560937,1.0,3.7209566310079047,47.209566310069846,197.97133040393683,135.66274020485366,-144.18137390805757,400,0.6599044346797894,0.16000000000000003
105,92.0952380952381,176.04761904761904,0.914691043144299,0.4041538019016945,1.0,3.978435779494538,49.784357794135985,211.75329400473052,-193.6888413824284,-85.58089883721912,400,0.7058443133491017,0.16000000000000003
106,98.41935483870968,175.25806451612902,0.11499667690612382,0.9933658763519857,1.0,3.700023895582899,47.000238955878494,196.77114437363787,-22.628027713983478,-195.4657402715019,400,0.6559038145787929,0.16000000000000003
107,105.84375,171.3125,0.6009583637695516,0.7992803294310598,1.0,3.3282761696292344,43.282761830202766,173.46815087556493,-104.2471361163092,-138.6496807776183,400,0.5782271695852165,0.16000000000000003
108,112.44897959183673,169.79591836734693,-0.03029937695368617,0.9995408684772316,1.0,3.0965267540508856,40.965267540519235,157.14811781630024,4.761490059278366,-157.07596616166705,400,0.5238270593876675,0.16000000000000003
109,112.89285714285714,161.07142857142858,0.9263334191339379,0.3767046543323142,1.0,2.723936904796362,37.239369047889966,128.69121916835758,-119.21097706473964,-48.478581232420225,400,0.42897073056119195,0.16000000000000003
110,118.70175438596492,162.4561403508772,0.12653591390598293,0.9919620267389159,1.0,2.669234291683002,36.692343299938806,124.36076154309657,-15.73610261589974,-123.3611530670851,400,0.4145358718103219,0.16000000000000003
111,125.29268292682927,158.3658536585366,-0.4604655625478026,0.8876775685503919,1.0,2.4382555184021175,34.38255401865535,105.93820574376166,48.78089550310606,-94.03896889121351,400,0.3531273524792055,0.16000000000000003
112,131.8125,156.52083333333334,-0.03012465336529525,0.9995461496397356,1.0,2.403946534842665,34.03946531637785,103.20566645669761,3.109034927342295,-103.15882652779491,400,0.34401888818899207,0.16000000000000003
113,135.58064516129033,162.1290322580645,0.17336869602824767,0.9848569922772875,1.0,2.9228198832435925,39.228198832434614,144.15787429243682,-24.99246268828382,-141.97489048873663,400,0.4805262476414561,0.16000000000000003
114,142.26829268292684,159.4878048780488,-0.9525816205767916,0.304283184121787,1.0,2.923325852744903,39.233257979907,144.1965036326595,137.358939111906,-43.87657126457446,400,0.48065501210886497,0.16000000000000003
115,145.7674418604651,163.5581395348837,-0.741746666351899,0.6706801644270126,1.0,3.4004984518905457,44.00498451463615,178.28447081665132,132.24191189056356,-119.57185820209465,400,0.5942815693888377,0.16000000000000003
116,149.84444444444443,171.13333333333333,-0.13844807289686092,0.9903696941602896,1.0,4.016512643915182,50.16512643914166,213.6396805128088,29.578002061299433,-211.58226504997245,400,0.7121322683760294,0.16000000000000003
117,96.42553191489361,183.63829787234042,0.23141974202894378,0.972853998809306,1.0,4.037916183851378,50.37916183851075,214.68323989629022,-49.681939994737334,-208.85544841044347,400,0.7156107996543007,0.16000000000000003
118,100.82051282051282,178.3846153846154,-0.0741786093363301,0.9972449718684612,1.0,3.7546712283003596,47.54671228295652,199.87900211843964,14.82674641267923,-199.32832984469943,400,0.6662633403947988,0.16000000000000003
119,108.88235294117646,177.14705882352942,0.771922697861321,0.6357164057396189,1.0,3.5108395745013756,45.10839574493353,185.37789433655095,-143.0974043201213,-117.84776869121102,400,0.6179263144551699,0.16000000000000003
120,116.94,173.98,-0.09186351980067965,0.9957716072121309,1.0,3.254842476640494,42.54842476668217,168.4353416519138,15.473063342974825,-167.7231308680506,400,0.5614511388397126,0.16000000000000003
121,123.03030303030303,178.45454545454547,0.6824939929976253,0.7308912022470633,1.0,3.617301907473969,46.17301907469056,191.9101648392479,-130.97753469797075,-140.26545110279,400,0.6397005494641597,0.16000000000000003
122,122.59615384615384,167.48076923076923,0.2504154643258456,0.9681384690355358,1.0,2.9347731410341145,39.34773141085009,145.0694371742617,-36.32763046948183,-140.44730280973658,400,0.4835647905808724,0.16000000000000003
123,128.14705882352942,164.44117647058823,-0.9983164629052038,-0.058002068001432504,1.0,2.8469240717166873,38.46924071673892,138.31756486680584,138.0847021154907,8.022704803197025,400,0.4610585495560195,0.16000000000000003
124,129.70731707317074,168.14634146341464,0.07884375914925783,0.996886985391631,1.0,3.193170505673791,41.93170504255896,164.10701771684683,-12.938814179570059,-163.5961501733584,400,0.5470233923894894,0.16000000000000003
125,135.85714285714286,164.61904761904762,-0.44412464830865894,0.8959650086720518,1.0,3.1552503540511445,41.552503539138335,161.401462030716,71.68236756089512,-144.61006232803228,400,0.53800487343572,0.16000000000000003
126,142.67391304347825,168.7391304347826,0.1646299053047488,0.9863554097176886,1.0,3.796534444742479,47.96534444876341,202.20425108330855,-33.288866708062734,-199.4452569239352,400,0.6740141702776952,0.16000000000000003
127,104.5952380952381,185.35714285714286,0.2774325964349486,0.9607451037790216,1.0,3.997823296278507,49.97823296266189,212.71858015571243,-59.01506800255503,-204.36833436742606,400,0.7090619338523748,0.16000000000000003
128,107.12903225806451,177.32258064516128,-0.14102414421799692,0.9900061569240778,1.0,3.5582736817555753,45.58273681744333,188.3265508482888,26.55859066690701,-186.44444485208132,400,0.627755169494296,0.16000000000000003
129,115.5925925925926,180.33333333333334,0.9999091172738119,0.013481735522779377,1.0,3.589304486641637,45.893044866875826,190.22233603778315,-190.20504811330218,-2.564527224986657,400,0.6340744534592772,0.16000000000000003
130,114.33333333333333,181.91666666666666,0.13961815691237547,0.9902054182140145,1.0,3.664322479736733,46.64322479714834,194.69633820237814,-27.183143897404555,-192.78936899442306,400,0.6489877940079272,0.16000000000000003
131,121.42592592592592,184.5185185185185,0.9688890821767028,-0.24749534629723116,1.0,3.842079641612512,48.42079601126354,204.67945477120054,-198.31168907369644,50.65721253852674,400,0.6822648492373351,0.16000000000000003
132,124.3157894736842,174.1578947368421,-0.1237242232341708,0.9923166412920329,1.0,3.4112873704587074,44.11287406475896,178.99231807466205,22.145685518671193,-177.6170558889239,400,0.5966410602488735,0.16000000000000003
133,130.91836734693877,175.59183673469389,0.19533401889120391,0.9807367746056078,1.0,3.7982716433007755,47.98271643231927,202.29970256557468,-39.5160139226289,-198.4027577978355,400,0.6743323418852489,0.16000000000000003
134,136.70833333333334,172.66666666666666,0.3755676479239407,0.9267949837115428,1.0,3.870817049070357,48.70817049069312,206.21209575876333,-77.44659177758517,-191.11633592986615,400,0.6873736525292111,0.16000000000000003
135,109.33333333333333,185.47222222222223,0.24509796108276738,0.9694983184477786,1.0,3.930010277371964,49.30010277268154,209.29845435221458,-51.29862441950245,-202.91449954819117,400,0.6976615145073819,0.16000000000000003
136,116.86363636363636,189.8181818181818,0.9932788714879599,0.11574577078928051,1.0,4.021323170537771,50.21323121425541,213.87527191327618,-212.43778872519954,-24.75515820036911,400,0.712917573044254,0.16000000000000003
137,125.97560975609755,190.26829268292684,0.9999263256585951,0.012138502992590037,1.0,4.07796243750273,50.77962437427894,216.60354509166345,-216.58758696813285,-2.6292427803007676,400,0.7220118169722115,0.16000000000000003
138,128.13888888888889,182.27777777777777,0.9238827124678157,0.38267575518069,1.0,3.9898712599362667,49.89871259978588,212.3238626566387,-196.16234615285933,-81.25119448501033,400,0.7077462088554624,0.16000000000000003
