cell_id,x,y,x_self_polarity,y_self_polarity,a,s,rac,f,f_x,f_y,fpp,f_coef,p_frac
1,113.52941176470588,93.47058823529412,0.7067719697967865,-0.7074414341198644,1.0,0.0,10.0,0.5836575875486382,-0.41251282283859136,0.4129035607703489,20,0.0038910505836575876,0.008
2,121.04347826086956,91.54347826086956,-0.8889588279274219,0.4579871201790551,1.0,0.0,10.0,0.5836575875486382,0.518847564938184,-0.2673076576920555,20,0.0038910505836575876,0.008
3,125.29787234042553,95.2127659574468,0.5414714302034537,-0.8407191506522415,1.0,0.0,10.0,0.5836575875486382,-0.31603390867905856,0.49069211127562734,20,0.0038910505836575876,0.008
4,130.5,90.5,0.9620915292462134,0.27272676684308517,1.0,0.0,10.0,0.5836575875486382,-0.561532020960825,-0.159179046795575,20,0.0038910505836575876,0.008
5,136.34,90.28,0.4550023318088671,-0.8904902459030608,1.0,0.0,10.0,0.5836575875486382,-0.26556556331256836,0.519741388659374,20,0.0038910505836575876,0.008
6,143.5686274509804,90.92156862745098,0.08660333266432184,0.9962428733855178,1.0,0.0,10.0,0.5836575875486382,-0.050546692216530256,-0.5814647120927147,20,0.0038910505836575876,0.008
7,150.38,94.18,0.9980173476895466,-0.06293944479198027,1.0,0.0,10.0,0.5836575875486382,-0.5825003974841713,0.0367350845089379,20,0.0038910505836575876,0.008
8,99.72916666666667,100.97916666666667,0.561791427407268,0.827278908284083,1.0,0.0,10.0,0.5836575875486382,-0.3278938292260319,-0.48284761183895897,20,0.0038910505836575876,0.008
9,106.41666666666667,97.66666666666667,0.4857651850932359,-0.8740893460918822,1.0,0.0,10.0,0.5836575875486382,-0.28352053604663574,0.5101688790419546,20,0.0038910505836575876,0.008
10,112.11538461538461,100.92307692307692,-0.9343717301483091,0.3562996911304521,1.0,0.0,10.0,0.5836575875486382,0.5453531498920092,-0.2079570181695246,20,0.0038910505836575876,0.008
11,118.72916666666667,99.33333333333333,0.07473975559783269,0.9972030730664523,1.0,0.0,10.0,0.5836575875486382,-0.043622425446205856,-0.5820251399220538,20,0.0038910505836575876,0.008
12,128.82978723404256,100.17021276595744,0.38708218112233034,-0.9220452185536128,1.0,0.0,10.0,0.5836575875486382,-0.22592345201692435,0.5381586878717585,20,0.0038910505836575876,0.008
13,134.72093023255815,97.6046511627907,-0.5205693381715748,0.8538193978562496,1.0,0.0,10.0,0.5836575875486382,0.30383424406901255,-0.4983381699550095,20,0.0038910505836575876,0.008
14,140.29545454545453,98.5909090909091,-0.8424557862683647,-0.538765485330075,1.0,0.0,10.0,0.5836575875486382,0.4917057118297849,0.3144545634222228,20,0.0038910505836575876,0.008
15,146.22448979591837,100.18367346938776,-0.9793273535714321,-0.20228181961504868,1.0,0.0,10.0,0.5836575875486382,0.5715918406058943,0.1180633188414681,20,0.0038910505836575876,0.008
16,152.90384615384616,100.59615384615384,0.9259818898206627,0.3775679272980614,1.0,0.0,10.0,0.5836575875486382,-0.5404563559264568,-0.2203703855825261,20,0.0038910505836575876,0.008
17,159.0204081632653,97.61224489795919,-0.4172994987307816,-0.9087690181553498,1.0,0.0,10.0,0.5836575875486382,0.24356001871446398,0.5304099327754961,20,0.0038910505836575876,0.008
18,99.18367346938776,107.06122448979592,0.00011330825136008228,0.99999999358062,1.0,0.0,10.0,0.5836575875486382,-6.613322063818032e-05,-0.5836575838019183,20,0.0038910505836575876,0.008
19,106.19148936170212,106.29787234042553,-0.2030385344681336,0.9791707478887595,1.0,0.0,10.0,0.5836575875486382,0.11850498120708187,-0.5715004365109492,20,0.0038910505836575876,0.008
20,113.19047619047619,107.28571428571429,0.45852691381173366,-0.8886805215094381,1.0,0.0,10.0,0.5836575875486382,-0.26762271234147883,0.5186851292856643,20,0.0038910505836575876,0.008
21,121.44444444444444,104.42222222222222,0.7510861474191061,-0.6602042101919108,1.0,0.0,10.0,0.5836575875486382,-0.43837712884383623,0.38533319661006465,20,0.0038910505836575876,0.008
22,127.8695652173913,106.80434782608695,-0.6954549885287025,-0.7185696618495261,1.0,0.0,10.0,0.5836575875486382,0.4059075808533283,0.41939863532073507,20,0.0038910505836575876,0.008
23,134.93617021276594,105.48936170212765,-0.12268190273926859,-0.9924460442463724,1.0,0.0,10.0,0.5836575875486382,0.07160422338867817,0.5792486639570267,20,0.0038910505836575876,0.008
24,140.8695652173913,106.19565217391305,0.7182420080860806,-0.6957933729351512,1.0,0.0,10.0,0.5836575875486382,-0.4192073977156113,0.40610508147966023,20,0.0038910505836575876,0.008
25,147.06666666666666,107.26666666666667,-0.27464148254343285,0.9615466998884378,1.0,0.0,10.0,0.5836575875486382,0.16029658514208145,-0.56121402717224,20,0.0038910505836575876,0.008
26,154.20454545454547,107.72727272727273,-0.5560043179397985,-0.8311794020741247,1.0,0.0,10.0,0.5836575875486382,0.32451613887536884,0.48512416463470315,20,0.0038910505836575876,0.008
27,159.82978723404256,105.63829787234043,0.9869022066214138,-0.1613196657750824,1.0,0.0,10.0,0.5836575875486382,-0.576012961063082,0.09415544695043719,20,0.0038910505836575876,0.008
28,165.06,103.92,0.7401811273374871,0.672407539170559,1.0,0.0,10.0,0.5836575875486382,-0.43201233113082904,-0.3924557621618049,20,0.0038910505836575876,0.008
29,92.28,112.84,-0.3678005550415602,-0.9299047003382229,1.0,0.0,10.0,0.5836575875486382,0.21466958465460712,0.5427459340495465,20,0.0038910505836575876,0.008
30,100.2127659574468,113.48936170212765,0.05974588150750743,0.9982136192433415,1.0,0.0,10.0,0.5836575875486382,-0.03487113706663858,-0.5826149528657636,20,0.0038910505836575876,0.008
31,106.32608695652173,114.95652173913044,0.8851009558547698,0.46539907385487206,1.0,0.0,10.0,0.5836575875486382,-0.5165958886311887,-0.2716337006935051,20,0.0038910505836575876,0.008
32,112.57777777777778,112.93333333333334,-0.3284436714573986,-0.9445235596212432,1.0,0.0,10.0,0.5836575875486382,0.19169864092844277,0.5512783421913872,20,0.0038910505836575876,0.008
33,118.86666666666666,111.95555555555555,-0.1822729109219384,-0.9832479778489469,1.0,0.0,10.0,0.5836575875486382,0.10638496746416638,0.5738801427133932,20,0.0038910505836575876,0.008
34,124.4,112.73333333333333,0.9243135669285149,0.38163389523453745,1.0,0.0,10.0,0.5836575875486382,-0.5394826266119737,-0.22274351861937985,20,0.0038910505836575876,0.008
35,131.8125,112.60416666666667,0.9853436016437668,-0.17058131990253148,1.0,0.0,10.0,0.5836575875486382,-0.5751032694418873,0.09956108165517402,20,0.0038910505836575876,0.008
36,139.2093023255814,113.23255813953489,0.9367361882540444,0.35003616043958036,1.0,0.0,10.0,0.5836575875486382,-0.5467331838058626,-0.20430126095695353,20,0.0038910505836575876,0.008
37,146.27906976744185,113.23255813953489,0.5644015117379902,-0.8255004140204117,1.0,0.0,10.0,0.5836575875486382,-0.3294172247497998,0.48180958016755554,20,0.0038910505836575876,0.008
38,153.6590909090909,113.88636363636364,-0.6386745559387457,0.7694769727525612,1.0,0.0,10.0,0.5836575875486382,0.37276725054790605,-0.44911107359098906,20,0.0038910505836575876,0.008
39,160.2340425531915,114.08510638297872,-0.9838890049097196,-0.17878038487977793,1.0,0.0,10.0,0.5836575875486382,0.5742542830212372,0.10434652813994821,20,0.0038910505836575876,0.008
40,166.6595744680851,111.87234042553192,0.4276216028835128,-0.903957833500731,1.0,0.0,10.0,0.5836575875486382,-0.24958459312267287,0.5276018483467302,20,0.0038910505836575876,0.008
41,90.96,119.78,-0.8501647466929075,-0.5265167646719183,1.0,0.0,10.0,0.5836575875486382,0.4962051050736815,0.30730550467232587,20,0.0038910505836575876,0.008
42,97.29787234042553,119.7872340425532,-0.7213085806524805,0.6926138400848658,1.0,0.0,10.0,0.5836575875486382,0.42099722606175904,-0.40424932300673105,20,0.0038910505836575876,0.008
43,103.36170212765957,121.53191489361703,0.6056702399491392,0.7957157535451664,1.0,0.0,10.0,0.5836575875486382,-0.35350403109871936,-0.46442553708861856,20,0.0038910505836575876,0.008
44,113.38636363636364,119.1590909090909,0.9057513778553742,-0.4238094400943557,1.0,0.0,10.0,0.5836575875486382,-0.5286486641179227,0.24735959538581076,20,0.0038910505836575876,0.008
45,119.47619047619048,120.02380952380952,-0.789155693255775,0.6141932039692373,1.0,0.0,10.0,0.5836575875486382,0.4605967081259387,-0.3584785237174537,20,0.0038910505836575876,0.008
46,126.23255813953489,118.5813953488372,-0.8440613400173961,0.5362466356892487,1.0,0.0,10.0,0.5836575875486382,0.4926428054576242,-0.31298441771746033,20,0.0038910505836575876,0.008
47,133.5909090909091,118.61363636363636,-0.8208528844337301,-0.5711396870440937,1.0,0.0,10.0,0.5836575875486382,0.479097014260932,0.33335001189343993,20,0.0038910505836575876,0.008
48,140.06976744186048,120.23255813953489,-0.6030930495215322,0.7976708429037749,1.0,0.0,10.0,0.5836575875486382,0.35199983435108884,-0.465566639827106,20,0.0038910505836575876,0.008
49,147.24444444444444,118.88888888888889,-0.4352467502528629,-0.9003112053031007,1.0,0.0,10.0,0.5836575875486382,0.2540350682409706,0.5254734661302145,20,0.0038910505836575876,0.008
50,153.3913043478261,121.6304347826087,0.8477079956779539,-0.5304631505238288,1.0,0.0,10.0,0.5836575875486382,-0.4947712037030859,0.309608842718188,20,0.0038910505836575876,0.008
51,159.44444444444446,121.06666666666666,0.2108961199660268,0.9775084790339545,1.0,0.0,10.0,0.5836575875486382,-0.12309112060273938,-0.5705302406812964,20,0.0038910505836575876,0.008
52,165.77083333333334,119.8125,-0.8607055923248228,-0.5091030183968425,1.0,0.0,10.0,0.5836575875486382,0.5023573496059277,0.297141839531231,20,0.0038910505836575876,0.008
53,171.875,118.625,-0.7049410870757495,-0.709265862531435,1.0,0.0,10.0,0.5836575875486382,0.4114442142465464,0.41396840225570136,20,0.0038910505836575876,0.008
54,90.40816326530613,126.26530612244898,-0.6034962100560537,0.797365866116665,1.0,0.0,10.0,0.5836575875486382,0.3522351420560625,-0.46538863781128315,20,0.0038910505836575876,0.008
55,97.35555555555555,127.57777777777778,-0.0389124016431919,-0.9992426256912578,1.0,0.0,10.0,0.5836575875486382,0.02271151846878905,0.5832155402867264,20,0.0038910505836575876,0.008
56,104.30434782608695,128.19565217391303,0.7605188292397926,0.6493158787306338,1.0,0.0,10.0,0.5836575875486382,-0.4438825851594121,-0.3789781393369458,20,0.0038910505836575876,0.008
57,110.54545454545455,123.27272727272727,0.9293037792438995,-0.36931624102252214,1.0,0.0,10.0,0.5836575875486382,-0.5423952018933266,0.21555422627773668,20,0.0038910505836575876,0.008
58,118.54545454545455,127.3409090909091,-0.2787573916144985,0.9603615551552869,1.0,0.0,10.0,0.5836575875486382,0.16269886670106914,-0.5605223084563932,20,0.0038910505836575876,0.008
59,125.44444444444444,125.02222222222223,-0.6544464798990588,-0.756108328844307,1.0,0.0,10.0,0.5836575875486382,0.381972653637583,0.44130836313870064,20,0.0038910505836575876,0.008
60,132.12765957446808,124.97872340425532,-0.9626823694251101,0.27063380350217847,1.0,0.0,10.0,0.5836575875486382,0.5618768693142666,-0.15795747286119366,20,0.0038910505836575876,0.008
61,139.54545454545453,125.9090909090909,-0.9703811864810076,-0.241578875160292,1.0,0.0,10.0,0.5836575875486382,0.5663703423040901,0.14099934347876966,20,0.0038910505836575876,0.008
62,146.95348837209303,125.13953488372093,-0.8932679776578264,-0.4495245489304193,1.0,0.0,10.0,0.5836575875486382,0.5213626328742178,0.26236841377261827,20,0.0038910505836575876,0.008
63,152.9318181818182,129.36363636363637,0.7285346476321463,-0.6850089541016995,1.0,0.0,10.0,0.5836575875486382,-0.42521477488257564,0.3998106736002137,20,0.0038910505836575876,0.008
64,160.22222222222223,127.5111111111111,0.9849294943430853,-0.17295632735773,1.0,0.0,10.0,0.5836575875486382,-0.5748615725737852,0.10094727277688523,20,0.0038910505836575876,0.008
65,167.12765957446808,127.04255319148936,0.9653281722484471,-0.2610393071234144,1.0,0.0,10.0,0.5836575875486382,-0.5634211122072649,0.1523575722510201,20,0.0038910505836575876,0.008
66,174.51923076923077,125.5,0.9494218162130001,0.3140035268891231,1.0,0.0,10.0,0.5836575875486382,-0.5541372468169262,-0.1832705409858695,20,0.0038910505836575876,0.008
67,89.85714285714286,132.18367346938774,-0.9697772638465063,-0.24399192307612041,1.0,0.0,10.0,0.5836575875486382,0.566017858276171,0.14240773720396135,20,0.0038910505836575876,0.008
68,102.21739130434783,134.7391304347826,-0.7761589627006444,0.630537282497601,1.0,0.0,10.0,0.5836575875486382,0.4530110677241116,-0.36801786916202395,20,0.0038910505836575876,0.008
69,108.44444444444444,134.37777777777777,0.010809005364311945,0.9999415809951271,1.0,0.0,10.0,0.5836575875486382,-0.006308757994734598,-0.5836234908531871,20,0.0038910505836575876,0.008
70,112.18604651162791,129.46511627906978,0.03470493656517497,-0.9993976022474775,1.0,0.0,10.0,0.5836575875486382,-0.020255799551658543,0.5833059935296562,20,0.0038910505836575876,0.008
71,118.4,134.73333333333332,0.017886090861768508,0.999840031081815,1.0,0.0,10.0,0.5836575875486382,-0.01043935264305555,-0.5835642204757675,20,0.0038910505836575876,0.008
72,124.68181818181819,131.11363636363637,0.1220611165240488,-0.9925225860568124,1.0,0.0,10.0,0.5836575875486382,-0.07124189680391954,0.5792933381654548,20,0.0038910505836575876,0.008
73,130.5952380952381,132.66666666666666,-0.3170672127014625,-0.9484030697070343,1.0,0.0,10.0,0.5836575875486382,0.18505868445610651,0.5535426476889306,20,0.0038910505836575876,0.008
74,138.6904761904762,130.61904761904762,-0.6962062233935408,-0.7178418311216637,1.0,0.0,10.0,0.5836575875486382,0.40634604478222225,0.41897383139396716,20,0.0038910505836575876,0.008
75,145.95454545454547,132.1818181818182,-0.28791786004702014,-0.957655107993449,1.0,0.0,10.0,0.5836575875486382,0.16804544360721022,0.558942670035087,20,0.0038910505836575876,0.008
76,152.77551020408163,135.71428571428572,-0.533736089383684,-0.8456511023403283,1.0,0.0,10.0,0.5836575875486382,0.3115191183173253,0.4935706822998025,20,0.0038910505836575876,0.008
77,159.46808510638297,133.59574468085106,0.9790093147081241,-0.2038155090142282,1.0,0.0,10.0,0.5836575875486382,-0.5714062148101893,0.11895846829624215,20,0.0038910505836575876,0.008
78,165.86666666666667,134.22222222222223,0.8389407976102099,-0.544222691648506,1.0,0.0,10.0,0.5836575875486382,-0.4896541620293054,0.3176397032967934,20,0.0038910505836575876,0.008
79,172.51063829787233,132.7872340425532,0.9958628584361305,0.0908689561259486,1.0,0.0,10.0,0.5836575875486382,-0.5812429134841229,-0.05303635571553421,20,0.0038910505836575876,0.008
80,90.91666666666667,137.85416666666666,-0.9757749632501624,-0.218776646592236,1.0,0.0,10.0,0.5836575875486382,0.5695184610409508,0.12769064976200545,20,0.0038910505836575876,0.008
81,97.13333333333334,136.44444444444446,-0.9721403688846443,-0.23439945218542593,1.0,0.0,10.0,0.5836575875486382,0.5673971024618547,0.13680901878526805,20,0.0038910505836575876,0.008
82,105.63414634146342,141.21951219512195,-0.05929047228895725,0.9982407725071905,1.0,0.0,10.0,0.5836575875486382,0.034605334020792175,-0.5826308010742357,20,0.0038910505836575876,0.008
83,112.48837209302326,138.46511627906978,-0.7017095933156402,-0.7124630844112548,1.0,0.0,10.0,0.5836575875486382,0.4095581283943426,0.41583448506493476,20,0.0038910505836575876,0.008
84,118.5,141.2826086956522,-0.6000057480621115,-0.7999956889211502,1.0,0.0,10.0,0.5836575875486382,0.35019790742924795,0.46692355384502937,20,0.0038910505836575876,0.008
85,125.31818181818181,138.0,0.31475538301923917,-0.9491728234944424,1.0,0.0,10.0,0.5836575875486382,-0.18370936752095673,0.5539919203274957,20,0.0038910505836575876,0.008
86,131.47727272727272,139.8409090909091,-0.24630983157583897,0.969191140523417,1.0,0.0,10.0,0.5836575875486382,0.14376060208706556,-0.5656757629514108,20,0.0038910505836575876,0.008
87,137.5,135.75,0.7859663759492368,-0.6182692422215609,1.0,0.0,10.0,0.5836575875486382,-0.4587352388808775,0.36085753437056084,20,0.0038910505836575876,0.008
88,143.44444444444446,139.42222222222222,-0.6857405333034531,0.7278460833065573,1.0,0.0,10.0,0.5836575875486382,0.40023766535221,-0.4248128890894304,20,0.0038910505836575876,0.008
89,150.0,140.1627906976744,0.9224767067321525,0.38605274968144215,1.0,0.0,10.0,0.5836575875486382,-0.5384105292211008,-0.22532261654558883,20,0.0038910505836575876,0.008
90,159.25531914893617,140.9787234042553,0.9670973159285986,-0.2544067246039308,1.0,0.0,10.0,0.5836575875486382,-0.564453686339649,0.14848641513848104,20,0.0038910505836575876,0.008
91,166.2340425531915,141.08510638297872,-0.4277433087181736,-0.9039002499428956,1.0,0.0,10.0,0.5836575875486382,0.24965562765652158,0.5275682392662815,20,0.0038910505836575876,0.008
92,172.66,140.4,-0.19800608575170223,-0.9802007906573476,1.0,0.0,10.0,0.5836575875486382,0.1155677543297873,0.5721016287883351,20,0.0038910505836575876,0.008
93,90.90196078431373,144.84313725490196,0.29022904833327184,0.9569572088152967,1.0,0.0,10.0,0.5836575875486382,-0.16939438618673455,-0.5585353358844144,20,0.0038910505836575876,0.008
94,98.41666666666667,143.45833333333334,0.11604442379036183,-0.9932440242494102,1.0,0.0,10.0,0.5836575875486382,-0.06773020843795438,0.5797144110405118,20,0.0038910505836575876,0.008
95,106.5813953488372,146.4418604651163,0.9999220184987234,0.012488271355100597,1.0,0.0,10.0,0.5836575875486382,-0.5836120730537296,-0.0072888743317707765,20,0.0038910505836575876,0.008
96,112.91111111111111,147.24444444444444,-0.2121069063867017,-0.9772464685344547,1.0,0.0,10.0,0.5836575875486382,0.12379780528406716,0.570377316265246,20,0.0038910505836575876,0.008
97,119.38095238095238,147.47619047619048,-0.15582913194609296,-0.9877840258057057,1.0,0.0,10.0,0.5836575875486382,0.09095085522145505,0.5765276415208399,20,0.0038910505836575876,0.008
98,125.71739130434783,144.95652173913044,-0.7786449313427406,0.6274647965378287,1.0,0.0,10.0,0.5836575875486382,0.45446202218447895,-0.3662245894189662,20,0.0038910505836575876,0.008
99,132.86666666666667,147.06666666666666,0.8077150887021064,-0.5895730111554874,1.0,0.0,10.0,0.5836575875486382,-0.4714290400985057,0.3441087613747981,20,0.0038910505836575876,0.008
100,138.07142857142858,142.78571428571428,0.9834939443756074,0.1809410439245601,1.0,0.0,10.0,0.5836575875486382,-0.5740237029429616,-0.10560761318554092,20,0.0038910505836575876,0.008
101,145.7111111111111,146.7111111111111,0.9069971065639962,0.4211368526791961,1.0,0.0,10.0,0.5836575875486382,-0.5293757431307371,-0.24579971946256582,20,0.0038910505836575876,0.008
102,152.53333333333333,145.7111111111111,-0.7338238794583342,0.6793397632530576,1.0,0.0,10.0,0.5836575875486382,0.428301875170234,-0.39650180734614254,20,0.0038910505836575876,0.008
103,159.3921568627451,148.19607843137254,-0.9834460130618848,-0.1812013780098897,1.0,0.0,10.0,0.5836575875486382,0.5739957274680262,0.10575955914974107,20,0.0038910505836575876,0.008
104,167.11764705882354,147.23529411764707,-0.9752222613652831,0.22122735124207243,1.0,0.0,10.0,0.5836575875486382,0.5691958723921886,-0.1291210221257232,20,0.0038910505836575876,0.008
105,92.57142857142857,152.6122448979592,-0.4129575023199814,0.9107502957878425,1.0,0.0,10.0,0.5836575875486382,0.2410257795641915,-0.5315663204987408,20,0.0038910505836575876,0.008
106,98.8409090909091,149.4318181818182,0.05324316537478955,-0.9985815767081189,1.0,0.0,10.0,0.5836575875486382,-0.031075777456102852,0.582829714031976,20,0.0038910505836575876,0.008
107,104.66666666666667,153.15555555555557,-0.7073792206520074,0.7068342367130772,1.0,0.0,10.0,0.5836575875486382,0.41286724940778646,-0.4125491653967377,20,0.0038910505836575876,0.008
108,110.32558139534883,154.41860465116278,-0.9959389960287942,-0.09003064027961469,1.0,0.0,10.0,0.5836575875486382,0.5812873517677788,0.05254706631105916,20,0.0038910505836575876,0.008
109,118.93478260869566,152.08695652173913,-0.9268647417561104,-0.37539545880228603,1.0,0.0,10.0,0.5836575875486382,0.540971639157263,0.21910240786125645,20,0.0038910505836575876,0.008
110,126.97826086956522,152.3913043478261,0.03688753321307429,0.9993194233544419,1.0,0.0,10.0,0.5836575875486382,-0.021529688645763205,-0.5832603638255498,20,0.0038910505836575876,0.008
111,134.30232558139534,153.62790697674419,0.9371289314434003,0.3489833317677951,1.0,0.0,10.0,0.5836575875486382,-0.5469624113482882,-0.2036867695142773,20,0.0038910505836575876,0.008
112,139.25531914893617,150.40425531914894,0.13661998807115494,0.9906235303380581,1.0,0.0,10.0,0.5836575875486382,-0.07973929264853402,-0.5781849398860262,20,0.0038910505836575876,0.008
113,144.84,153.12,0.2796517714867177,-0.9601014981262869,1.0,0.0,10.0,0.5836575875486382,-0.1632208782996407,0.560370524198222,20,0.0038910505836575876,0.008
114,152.0,152.70833333333334,-0.8004488254434321,0.5994010993034881,1.0,0.0,10.0,0.5836575875486382,0.46718803041445456,-0.34984499959347554,20,0.0038910505836575876,0.008
115,159.84,155.1,-0.2774556251116791,0.9607384535313902,1.0,0.0,10.0,0.5836575875486382,0.16193908080448197,-0.5607422880533406,20,0.0038910505836575876,0.008
116,166.75,153.95833333333334,0.7163782438606575,0.6977121266848674,1.0,0.0,10.0,0.5836575875486382,-0.4181195975840414,-0.4072249766643195,20,0.0038910505836575876,0.008
117,98.6938775510204,156.77551020408163,-0.8096785585103975,0.5868736081035888,1.0,0.0,10.0,0.5836575875486382,0.4725750341500375,-0.34253323430170557,20,0.0038910505836575876,0.008
118,104.63829787234043,160.59574468085106,-0.09761271616021205,0.9952244760072101,1.0,0.0,10.0,0.5836575875486382,0.056972402428139335,-0.5808703167357258,20,0.0038910505836575876,0.008
119,112.20408163265306,160.79591836734693,-0.7065306980001382,0.707682395417208,1.0,0.0,10.0,0.5836575875486382,0.41237200272381613,-0.41304419965984907,20,0.0038910505836575876,0.008
120,118.88,157.78,0.6964352954079813,0.7176195923398397,1.0,0.0,10.0,0.5836575875486382,-0.40647974440154555,-0.41884412004270805,20,0.0038910505836575876,0.008
121,124.8936170212766,160.2340425531915,0.9672809956515187,0.2537074603779062,1.0,0.0,10.0,0.5836575875486382,-0.5645608924036102,-0.14807828426726044,20,0.0038910505836575876,0.008
122,130.61702127659575,159.3404255319149,-0.39557535612176437,-0.9184335237942587,1.0,0.0,10.0,0.5836575875486382,0.2308805580477224,0.5360506948215518,20,0.0038910505836575876,0.008
123,137.9111111111111,159.53333333333333,-0.3012080920602672,0.9535584330692134,1.0,0.0,10.0,0.5836575875486382,0.1758023883620237,-0.5565516146318367,20,0.0038910505836575876,0.008
124,146.0612244897959,159.55102040816325,-0.9860348152494707,-0.16653931402507374,1.0,0.0,10.0,0.5836575875486382,0.5755067015074732,0.09720193425587963,20,0.0038910505836575876,0.008
125,153.5744680851064,158.9787234042553,-0.4626997730644815,0.886515042176994,1.0,0.0,10.0,0.5836575875486382,0.2700582333061176,-0.5174212308426035,20,0.0038910505836575876,0.008
126,160.82,161.76,0.9905931394844947,-0.1368401695638103,1.0,0.0,10.0,0.5836575875486382,-0.5781672020337518,0.07986780324736009,20,0.0038910505836575876,0.008
127,105.29787234042553,166.29787234042553,-0.6132702594536849,-0.7898731473278542,1.0,0.0,10.0,0.5836575875486382,0.3579398401480651,0.46101545563882546,20,0.0038910505836575876,0.008
128,113.0,167.38,-0.8708460430503213,0.4915558659029491,1.0,0.0,10.0,0.5836575875486382,0.5082759006130281,-0.28690031083829715,20,0.0038910505836575876,0.008
129,119.5625,165.39583333333334,0.6822065044345529,0.7311595484620224,1.0,0.0,10.0,0.5836575875486382,-0.39817500258826044,-0.4267468181684956,20,0.0038910505836575876,0.008
130,126.91666666666667,168.0625,0.3430570739191986,-0.9393145607484201,1.0,0.0,10.0,0.5836575875486382,-0.2002278641551743,0.5482380704757316,20,0.0038910505836575876,0.008
131,133.2340425531915,165.9787234042553,0.9137986260734109,0.40616754053757986,1.0,0.0,10.0,0.5836575875486382,-0.5333455015992671,-0.23706276685072755,20,0.0038910505836575876,0.008
132,140.14583333333334,165.97916666666666,0.049111928459181595,0.9987932811563263,1.0,0.0,10.0,0.5836575875486382,-0.028664549684347236,-0.5829532769394901,20,0.0038910505836575876,0.008
133,145.95744680851064,167.2340425531915,-0.5300960624998676,-0.8479375947097383,1.0,0.0,10.0,0.5836575875486382,0.30939458900770483,0.4949052109200807,20,0.0038910505836575876,0.008
134,152.26923076923077,165.90384615384616,-0.2979409730501921,0.9545842951661758,1.0,0.0,10.0,0.5836575875486382,0.17389550956236896,-0.5571503668285073,20,0.0038910505836575876,0.008
135,119.6875,172.3125,0.04219118326762997,0.9991095555816076,1.0,0.0,10.0,0.5836575875486382,-0.024625204241807374,-0.5831378729075531,20,0.0038910505836575876,0.008
136,126.34,174.82,-0.7329476320511389,0.6802850642713157,1.0,0.0,10.0,0.5836575875486382,0.42779044672245464,-0.3970535394579664,20,0.0038910505836575876,0.008
137,133.52173913043478,173.32608695652175,-0.7190245235933664,-0.6949847008901221,1.0,0.0,10.0,0.5836575875486382,0.4196641188288131,0.40563309390474056,20,0.0038910505836575876,0.008
138,140.1086956521739,172.7391304347826,-0.07349904468909882,0.997295287479987,1.0,0.0,10.0,0.5836575875486382,0.042898275110368964,-0.5820789615641948,20,0.0038910505836575876,0.008
