cell_id,x,y,x_self_polarity,y_self_polarity,a,s,rac,f,f_x,f_y,fpp,f_coef,p_frac
1,119.68888888888888,92.31111111111112,0.9762104415265104,-0.2168252149880535,1.0,3.893019298085646,48.930192980839735,103.69041688939612,-101.22366765366532,22.482696934244206,20,0.6912694459293075,0.008
2,126.95,92.125,0.7881298683004402,-0.6155089850625504,1.0,3.7456879445755704,47.45687944577129,99.6868792809744,-78.56620703899623,61.35816989028553,20,0.664579195206496,0.008
3,118.92,98.86,-0.14336074975369428,-0.9896704984135168,1.0,3.2717926145643177,42.71792614572855,84.80444902546328,12.157629394739365,83.92846133471393,20,0.5653629935030886,0.008
4,133.38095238095238,84.0,0.9927949918742865,0.11982530663150977,1.0,4.109854358899524,51.09854314613205,109.05153165129977,-108.26581447963066,-13.067133218752787,20,0.7270102110086651,0.008
5,132.14634146341464,92.63414634146342,-0.22753100097877121,0.9737708373090654,1.0,3.6094327433094757,46.094327322919156,95.71897190690417,21.779033490636788,-93.20834342014899,20,0.6381264793793612,0.008
6,143.27906976744185,80.76744186046511,-0.28284387942974076,-0.9591659605454805,1.0,4.120068127086174,51.20068127063559,109.2888846798283,30.9116921213922,104.82617805087176,20,0.7285925645321887,0.008
7,142.72340425531914,92.31914893617021,-0.932018282486453,0.36241125963606924,1.0,3.6989930908809745,46.98993090890815,98.35586547396053,91.66946481150931,-35.64527309901381,20,0.6557057698264036,0.008
8,99.56410256410257,91.41025641025641,-0.28034711198513085,-0.9598986909052416,1.0,4.101095733972763,51.01095733974537,108.84692902769662,30.514922201365252,104.48202468274172,20,0.7256461935179774,0.008
9,103.62790697674419,100.67441860465117,-0.9935513772571705,0.11338280623789303,1.0,3.734101999033524,47.34102028144344,99.35942865912722,98.71869718776142,-11.265650847565576,20,0.6623961910608481,0.008
10,109.39622641509433,105.94339622641509,-0.9680636859432045,-0.25070440753616,1.0,3.080139760089893,40.801397685433834,77.97397236759005,75.4837710978028,19.548418545657576,20,0.5198264824506004,0.008
11,111.85185185185185,99.16666666666667,-0.9994567952154343,-0.03295625126881943,1.0,3.6450382942380144,46.45038294247012,96.78051249973723,96.72794086229464,3.1895228878664597,20,0.6452034166649149,0.008
12,125.36363636363636,101.0909090909091,-0.9607622263714051,0.2773732942766135,1.0,2.8926736694802333,38.926736695071035,70.9243009968122,68.14138932953296,-19.672507011751904,20,0.4728286733120814,0.008
13,130.40425531914894,98.61702127659575,0.09387852834557647,0.9955836589235827,1.0,3.0324360979084117,40.32436121532171,76.21134398125707,-7.154608816198921,-75.87476869234368,20,0.5080756265417138,0.008
14,137.54347826086956,92.65217391304348,0.2507536590329545,-0.9680509296940863,1.0,3.6300499874451386,46.30049987427937,96.33577660628025,-24.15654847980607,93.2579381065114,20,0.642238510708535,0.008
15,141.47058823529412,99.76470588235294,-0.9748025270759991,0.2230695703278373,1.0,3.0482756472225874,40.482756472200315,76.79915425010262,74.86400964029949,-17.13155434011169,20,0.5119943616673508,0.008
16,148.25,93.375,-0.8030839501943224,-0.5958658984539081,1.0,3.815052764272497,48.1505276427121,101.6087476496672,81.60035443679281,60.54518770904537,20,0.6773916509977813,0.008
17,153.79545454545453,99.18181818181819,-0.9044384043480329,0.4266042343207393,1.0,3.67428936965433,46.74289342803273,97.63955033840666,88.30895910932796,-41.65344561153726,20,0.6509303355893777,0.008
18,98.23076923076923,97.7948717948718,0.09316607860718444,-0.9956505821807969,1.0,3.9498922424319374,49.498928575932446,105.15697831477033,-9.797063307767882,104.69960667947451,20,0.7010465220984688,0.008
19,101.28846153846153,106.88461538461539,-0.9708420139960109,-0.23972021996521137,1.0,3.3856413821356246,43.856413821248395,88.6523648637193,86.06744044980243,21.251764405566966,20,0.5910157657581286,0.008
20,118.25,105.79166666666667,-0.21132319852370554,-0.9774162397697873,1.0,2.7313644418714036,37.31364367027606,64.63862218888302,13.659640389120124,63.17883904375798,20,0.4309241479258868,0.008
21,124.15217391304348,107.69565217391305,-0.7600430087865464,0.649872775852854,1.0,2.451160550509906,34.51160550501422,53.48369279515888,40.64990679304789,-34.757595899651186,20,0.3565579519677259,0.008
22,131.1875,107.60416666666667,0.1774009958924995,0.9841386521503712,1.0,2.3916887336933907,33.91688733692559,51.11546884484393,-9.067935078587345,-50.304708612999,20,0.34076979229895954,0.008
23,136.5,103.20833333333333,0.9110159005112066,0.412371227191902,1.0,2.713902433180349,37.13902433177694,63.94935140914518,-58.25887596110999,-26.370872518715384,20,0.4263290093943012,0.008
24,144.51020408163265,106.75510204081633,0.9459044410064918,0.32444535515891726,1.0,2.6636884110983137,36.63688411099314,61.96023299440733,-58.608459555206856,-20.102709799599747,20,0.41306821996271553,0.008
25,149.37254901960785,102.47058823529412,-0.9004973014486009,-0.43486159876883557,1.0,3.1209105066335128,41.209105066113906,79.46169172123541,71.55503896351311,34.55483830277278,20,0.5297446114749027,0.008
26,157.58,105.16,0.8285624058349539,-0.5598967222952758,1.0,3.3477181746826474,43.477181744007545,87.38895330518837,-72.40720139394531,48.92878852038987,20,0.5825930220345891,0.008
27,164.08,102.98,0.966370623773758,0.25715329573450496,1.0,3.883985759907587,48.839856584344396,103.45345541841371,-99.97438024424312,-26.603397015967765,20,0.6896897027894248,0.008
28,164.2325581395349,93.06976744186046,0.33915324184881057,-0.9407311404133714,1.0,4.117999957716981,51.179999577183736,109.24093163552975,-37.0494161067742,102.76634619731104,20,0.7282728775701983,0.008
29,93.8936170212766,102.53191489361703,0.7563360459191653,-0.6541832966710189,1.0,3.929594070026736,49.29594070027876,104.63854158440058,-79.14190079269369,68.45278609253067,20,0.6975902772293372,0.008
30,96.65384615384616,111.36538461538461,0.6368309034481414,0.77100350220568,1.0,3.4900056023761117,44.900056023155116,92.03175619278275,-58.608666442168925,-70.95680633877478,20,0.6135450412852184,0.008
31,105.76595744680851,113.42553191489361,0.44481858266346813,-0.8956206945561628,1.0,2.85820713018217,38.58207130183098,69.5956192399237,-30.957424709889256,62.33127684172671,20,0.4639707949328247,0.008
32,113.0576923076923,111.25,0.9574713241159035,-0.2885284448641735,1.0,2.5977951889348168,35.97795188951593,59.33784909308632,-56.81428894134702,17.120657320413205,20,0.3955856606205755,0.008
33,118.80952380952381,114.04761904761905,0.5916592293176345,-0.8061881643656541,1.0,2.2391705775057567,32.39170577497458,45.10684553855752,-26.687881468292524,36.364605005054784,20,0.3007123035903835,0.008
34,125.56521739130434,114.58695652173913,-0.2178407508214679,0.9759843273749529,1.0,2.044448309058053,30.44448309054718,37.68913859935959,8.21023025029886,-36.78400858523734,20,0.2512609239957306,0.008
35,135.59574468085106,110.8936170212766,0.8451796384493958,-0.5344823465284412,1.0,2.226442565642126,32.26442565640163,44.6116577786931,-37.70486479202401,23.844143532079674,20,0.297411051857954,0.008
36,141.75471698113208,113.13207547169812,0.9889339542798201,0.14835644263893166,1.0,2.2337537364270807,32.337537364274745,44.89595682689067,-44.39913611599307,-6.660604443708558,20,0.2993063788459378,0.008
37,150.25531914893617,111.04255319148936,0.9880007075052996,0.15444935082099734,1.0,2.657622716408765,36.57622715591284,61.719336352276585,-60.97874798280682,-9.5325114327119,20,0.4114622423485106,0.008
38,156.68,112.04,0.8446729983017256,-0.5352826598536266,1.0,2.95659890999739,39.56598910152718,73.36382474509489,-61.96844181432163,39.270383246589695,20,0.4890921649672993,0.008
39,162.7608695652174,111.30434782608695,0.5015436343359885,0.8651323499078324,1.0,3.392120763965552,43.92120748069646,88.86635858925729,-44.57035645706129,-76.88116163407624,20,0.5924423905950486,0.008
40,168.11627906976744,110.53488372093024,-0.18170005744401366,0.983353999902803,1.0,3.839499279206877,48.39499279197148,102.27036949709898,18.582532012443387,-100.5679769165099,20,0.6818024633139932,0.008
41,92.14634146341463,110.7560975609756,0.7890649011152314,-0.614309841877867,1.0,3.8717472621009046,48.71747262097669,103.13066553364008,-81.37678840124971,63.35418283672963,20,0.6875377702242672,0.008
42,97.75555555555556,120.84444444444445,0.2701756533359693,0.9628110491391767,1.0,3.186518011493449,41.86518011459482,81.81738068443231,-22.105064280654215,-78.77467813459768,20,0.545449204562882,0.008
43,102.55102040816327,117.87755102040816,0.42850086854002817,-0.903541369091887,1.0,2.9024956216337867,39.02495632112791,71.3012868666212,-30.552663350368885,64.4236623534803,20,0.4753419124441413,0.008
44,111.02,119.42,-0.9363248852532075,-0.35113488755116323,1.0,2.3594980895296196,33.59498089530325,49.83800080752989,46.664560387359685,17.49986080932679,20,0.3322533387168659,0.008
45,117.88888888888889,119.79629629629629,-0.8199764212768654,0.5723972995655943,1.0,2.036572825258041,30.36572825273455,37.39751947328232,30.665084182333924,-21.406239156958527,20,0.24931679648854882,0.008
46,127.34883720930233,119.27906976744185,0.4459564568969897,-0.8950546567399577,1.0,1.8233226394022184,28.2332263973963,29.826967330291804,-13.301528670599197,26.69676600540826,20,0.19884644886861202,0.008
47,133.78846153846155,117.51923076923077,-0.1780017941611984,-0.9840301627873987,1.0,1.881778464183079,28.81778481329663,31.834215601735277,5.666547492823294,31.325828360784712,20,0.21222810401156852,0.008
48,142.45454545454547,119.76363636363637,0.9720959864463811,-0.23458344599488917,1.0,1.9860429883511488,29.86042988272937,35.54503176722811,-34.55318271903156,8.338276039954176,20,0.2369668784481874,0.008
49,149.0392156862745,117.7843137254902,0.15719134513934366,-0.9875681652490038,1.0,2.3250812151741953,33.250812151753976,48.47683163012881,-7.620138372033429,47.87417567005118,20,0.32317887753419205,0.008
50,156.44444444444446,119.27777777777777,0.9517519817751895,0.306868318969227,1.0,2.69501486418732,36.95014864188544,63.20231078694807,-60.15292454424926,-19.394786866161397,20,0.42134873857965377,0.008
51,157.37209302325581,125.3953488372093,-0.9501706895243971,0.31173010885817853,1.0,2.6237465857604194,36.237465863908504,60.37195463251659,57.36366176111391,-18.819755989575413,20,0.4024796975501106,0.008
52,163.69230769230768,117.92307692307692,0.9838955583051636,-0.17874431556659487,1.0,3.265081469494932,42.650814065879814,84.57254175027921,-83.21054818267773,15.116861090880928,20,0.5638169450018614,0.008
53,170.12244897959184,118.55102040816327,0.08815137708549001,0.9961070899847725,1.0,3.8532473659656366,48.53247401701872,102.63886636120273,-9.047757412233597,-102.23930249039361,20,0.6842591090746849,0.008
54,92.21951219512195,119.1951219512195,0.7792114553305203,-0.6267611250561834,1.0,3.7552002557821127,47.55200276841767,99.9543439951726,-77.88556985108589,62.647497096667145,20,0.6663622933011506,0.008
55,92.6,127.42222222222222,-0.6103513119559858,-0.7921308452481868,1.0,3.6075535894612045,46.07553589467568,95.66246345274955,58.38771007332723,75.77718803335027,20,0.6377497563516636,0.008
56,99.75471698113208,127.50943396226415,-0.19222141312891738,0.9813515824283986,1.0,2.935741567937752,39.35741567957874,72.57159277396428,13.949814116027744,-71.2182474080792,20,0.4838106184930952,0.008
57,107.08163265306122,124.73469387755102,-0.8801794779481548,-0.4746410081302642,1.0,2.4582884757761363,34.582884883554584,53.768042915281264,47.32552794346624,25.52051809450041,20,0.3584536194352084,0.008
58,116.33333333333333,125.91666666666667,-0.8511519680801408,0.5249193530755969,1.0,1.9496388267649039,29.496388267655224,34.231492474239055,29.1362021897691,-17.96877288438973,20,0.22820994982826037,0.008
59,125.51020408163265,125.18367346938776,-0.5836283713644734,-0.8120208889791274,1.0,1.682058192559587,26.820581837009616,25.221580370396005,14.720029874812393,20.480450113827473,20,0.16814386913597337,0.008
60,133.33962264150944,125.16981132075472,0.5848202267717519,-0.8111629320664479,1.0,1.6472197719595616,26.472197859490805,24.143288095470098,-14.119483219008561,19.58414036124649,20,0.16095525396980065,0.008
61,140.45283018867926,125.81132075471699,-0.05341316494819539,0.9985724980241629,1.0,1.7718972434655185,27.71897209034196,28.108724613231825,1.501375944249951,-28.068599353308176,20,0.1873914974215455,0.008
62,149.0952380952381,124.97619047619048,-0.9944557559926642,0.10515583375666125,1.0,2.1387126156283323,31.387126156269023,41.23427105514063,41.00565819494631,-4.336024152151477,20,0.2748951403676042,0.008
63,155.17391304347825,131.34782608695653,0.7466533338035308,0.6652133485732779,1.0,2.4450650268328777,34.45065026832015,53.2405964677999,-39.75226884637128,-35.4163554563838,20,0.35493730978533267,0.008
64,163.09803921568627,130.49019607843138,0.802327807615891,-0.5968836478965377,1.0,3.013237346418434,40.132373464160025,75.49557370749324,-60.57219813743695,45.0620734345705,20,0.5033038247166216,0.008
65,164.51162790697674,123.79069767441861,-0.9240451335270224,-0.3822833912230916,1.0,3.2210590533819765,42.2105905338225,83.03776808728688,76.73064550000292,31.74395958400464,20,0.5535851205819126,0.008
66,185.4090909090909,126.0,0.9966225549698667,0.08211871239452577,1.0,4.117440619072555,51.17440619021057,109.22795326904256,-108.8590418611224,-8.969658879943207,20,0.7281863551269504,0.008
67,87.20930232558139,129.34883720930233,-0.23734007498924795,-0.9714266255379755,1.0,3.987458906288981,49.87458906292495,106.1018941859076,25.18223152258456,103.07020503220356,20,0.707345961239384,0.008
68,96.22641509433963,134.28301886792454,-0.99836189354685,0.05721476656902541,1.0,3.1767228053016594,41.767228053603596,81.46877139148854,81.33531687134194,-4.661216737829313,20,0.5431251426099236,0.008
69,103.54901960784314,133.9607843137255,-0.9752772785987199,-0.2209846823856234,1.0,2.639664314739808,36.39664314741349,61.0054611356376,59.497240116024614,13.481272452847369,20,0.406703074237584,0.008
70,109.45283018867924,131.75471698113208,-0.3880606582020886,-0.9216338348583789,1.0,2.2587042460334645,32.58704246035191,45.86904308510249,17.799971050704833,42.274462079807215,20,0.30579362056734993,0.008
71,116.11111111111111,131.73333333333332,-0.17291724531266692,-0.9849363564583647,1.0,1.9154897123782508,29.15489712378424,33.016480186878645,5.709118803835302,32.51913169834404,20,0.22010986791252432,0.008
72,122.86274509803921,131.4313725490196,-0.979621571311356,-0.20085212725154253,1.0,1.6806503741104204,26.806503741131813,25.17754846253085,24.664469586632286,5.056964167678125,20,0.167850323083539,0.008
73,130.5,132.01923076923077,0.18006717836465694,-0.9836543149276532,1.0,1.5822618796719763,25.8226187990645,22.19734565723739,-3.997013399683708,21.83451483568216,20,0.14798230438158258,0.008
74,139.0,131.66666666666666,0.003425440921190299,-0.9999941331600378,1.0,1.692128757457402,26.921287574524296,25.537669990843888,-0.08747777981849014,25.537520165421046,20,0.17025113327229258,0.008
75,147.60377358490567,130.54716981132074,0.61882237400715,0.7855309474668423,1.0,2.0186629760720036,30.186629760729694,36.737186488420924,-22.733792957108033,-28.858196909515364,20,0.24491457658947283,0.008
76,150.09302325581396,136.32558139534885,0.9913195514830392,0.13147451025756335,1.0,2.193171857894258,31.931718578879416,43.32310486629334,-42.947040884906585,-5.695883995132976,20,0.2888206991086223,0.008
77,158.6590909090909,136.61363636363637,0.9694768127037351,-0.2451830125229049,1.0,2.7407404819160788,37.407404820149935,65.00813545409751,-63.023879959851136,15.938890489132689,20,0.43338756969398345,0.008
78,166.65217391304347,136.19565217391303,0.7643178063441183,0.6448397404823272,1.0,3.3977037076892462,43.977037078703475,89.05030691927213,-68.06273523880853,-57.42317680369502,20,0.5936687127951475,0.008
79,169.75675675675674,127.10810810810811,-0.3767039218670518,-0.9263337169994311,1.0,3.6849946238713365,46.84994623310434,97.95099512859599,36.8985240157226,90.7353094012655,20,0.65300663419064,0.008
80,84.80434782608695,140.19565217391303,-0.8163092879082507,-0.5776150504226188,1.0,4.002871026198805,50.02871023911062,106.48413322514885,86.92398696654857,61.50683798205322,20,0.7098942215009924,0.008
81,90.91836734693878,137.44897959183675,-0.9669951800921551,-0.2547946657183791,1.0,3.6207688831464813,46.20768883139617,96.05883732887312,92.8884327022767,24.475279346506383,20,0.6403922488591541,0.008
82,99.76785714285714,140.82142857142858,-0.9999973787968759,0.002289628654907807,1.0,2.9695308151963578,39.695308095255626,73.85312079617529,73.85292721214434,-0.1690962216292906,20,0.4923541386411686,0.008
83,109.17391304347827,138.84782608695653,-0.7034111554631577,-0.7107831922393674,1.0,2.3476033315993723,33.47603330949085,49.36697586357381,34.72528153391827,35.08921669551479,20,0.32911317242382543,0.008
84,117.86538461538461,138.55769230769232,-0.5822836113113048,-0.8129857292709788,1.0,1.9254367334830127,29.25436733482931,33.36862263522577,19.43000209252341,27.12821400786711,20,0.22245748423483844,0.008
85,124.96,138.52,0.0959007275651476,-0.9953909033402281,1.0,1.7225467164874029,27.225467164870434,26.504143969141587,-2.541766690132097,26.381983807703303,20,0.1766942931276106,0.008
86,131.4,140.02,0.5791503544208716,0.8152207473894288,1.0,1.7136827843683715,27.13682765061232,26.22070403426534,-15.185730034609549,-21.3756619398908,20,0.17480469356176892,0.008
87,137.49019607843138,138.0,0.9943167629129805,-0.10646208240613936,1.0,1.736150027107303,27.361500271052794,26.941983822716068,-26.78886614105693,2.8682997019188714,20,0.1796132254847738,0.008
88,143.91489361702128,138.38297872340425,0.23017867498881467,-0.9731483841534104,1.0,1.9457504601276447,29.457504601278163,34.092290177748154,-7.8473181804482515,33.1768570985648,20,0.22728193451832102,0.008
89,150.47727272727272,141.88636363636363,-0.9955883111583079,-0.09382917821737674,1.0,2.35658996300122,33.56589971596209,49.72278680554571,49.50342534181785,4.665448224642177,20,0.3314852453703047,0.008
90,158.56521739130434,141.93478260869566,-0.9926087039334047,0.12135881045744654,1.0,2.897663484624413,38.97663484626783,71.11591383876643,70.59027506453762,-8.630542708066955,20,0.47410609225844286,0.008
91,172.09803921568627,137.72549019607843,0.310883278490145,-0.9504480980859601,1.0,3.8852066317399863,48.85206631740607,103.48554738201436,-32.17192624646787,98.35764168862005,20,0.6899036492134291,0.008
92,174.58,130.68,-0.12355503192199799,-0.9923377217896909,1.0,3.9599943504797994,49.59994351826079,105.41291640309319,13.024296251175084,104.60521331065264,20,0.7027527760206213,0.008
93,87.36363636363636,153.03030303030303,-0.6558397848007691,0.7549001103937399,1.0,4.0116580774924815,50.11657959276657,106.70065277576363,69.9785331545584,-80.54833455950808,20,0.7113376851717575,0.008
94,91.06,144.2,-0.982708807938627,-0.18515776732247255,1.0,3.6388626133638255,46.38862607605546,96.59764065552524,94.92735229827507,17.88580347239556,20,0.643984271036835,0.008
95,101.33333333333333,146.07843137254903,-0.9883941453172773,-0.1519112026893638,1.0,2.9984276642225693,39.98427664223934,74.94102582889036,74.07127117334609,11.384381364441412,20,0.4996068388592691,0.008
96,111.07272727272728,143.83636363636364,-0.9032707121871261,-0.4290711135755495,1.0,2.378247315703764,33.782473157049665,50.58160021237754,45.688878047398745,21.70310352955808,20,0.33721066808251693,0.008
97,119.47727272727273,145.75,-0.7106029602384865,-0.7035932297146557,1.0,2.0993302256716557,30.993302256357232,39.741450638008246,28.240392467540346,27.961815607941784,20,0.2649430042533883,0.008
98,126.41304347826087,146.02173913043478,-0.06412659771254861,-0.9979417715807937,1.0,1.957458750817855,29.57459370562393,34.51211719049638,2.213144655283295,34.441083370087924,20,0.2300807812699759,0.008
99,133.54,147.28,0.7520848364582422,-0.6590663083253301,1.0,2.006234675476272,30.062346754773014,36.28133803635088,-27.286644183555154,23.911807520721155,20,0.24187558690900587,0.008
100,140.02083333333334,144.4375,-0.537412483685616,0.8433195256715319,1.0,2.0046559984031216,30.046559984019176,36.22357731405672,19.467002652325156,-30.548050038616374,20,0.2414905154270448,0.008
101,144.69767441860466,150.2325581395349,-0.4407456236449053,0.897632048914177,1.0,2.4319064725165296,34.319064725167834,52.716061375592254,23.234373347088514,-47.319626183258386,20,0.35144040917061503,0.008
102,150.3846153846154,147.07692307692307,-0.9550001291232453,0.29660538325287483,1.0,2.552116830955762,35.521168422576174,57.51493329111463,54.92676871952931,-17.059238831574586,20,0.38343288860743086,0.008
103,158.29166666666666,148.4375,0.13857880877594062,-0.9903514092271699,1.0,3.1720287113724885,41.72028711369986,81.30131866493502,-11.266639892499843,80.51687551184561,20,0.5420087910995668,0.008
104,164.7674418604651,144.0,0.5769076866849523,-0.8168093541603308,1.0,3.6589087582361732,46.58908758235826,97.18932562090636,-56.069269014427654,79.38515029169062,20,0.647928837472709,0.008
105,91.075,158.675,-0.039596179457691415,-0.9992157637729473,1.0,3.9885843597110857,49.885843597108085,106.12991337454288,4.202339095807644,106.0466824517006,20,0.7075327558302859,0.008
106,91.16,150.12,-0.988892274410559,-0.14863401229567794,1.0,3.7485724521091983,47.48572442725624,99.76811615831758,98.65991930145552,14.828935403792,20,0.6651207743887839,0.008
107,97.5,151.43478260869566,-0.9991034099037976,0.042336465589420266,1.0,3.4075651139701306,44.07565113979587,89.37422474986965,89.29409270510315,-3.78378879070397,20,0.595828164999131,0.008
108,108.91836734693878,150.81632653061226,0.9998064978457112,-0.01967147339407458,1.0,2.793659505823007,37.93659505823753,67.08509486965772,-67.07211375927977,1.319662658867441,20,0.4472339657977182,0.008
109,116.06818181818181,149.5681818181818,-0.3504040982121356,-0.9365986162471842,1.0,2.3982239008693877,33.98223900862394,51.375247060520046,18.002097116667198,48.11798530624029,20,0.34250164707013364,0.008
110,126.11627906976744,152.34883720930233,0.39293519110742425,-0.9195661670534491,1.0,2.284714208179319,32.847142081117276,46.88784364046612,-18.423883801481583,43.11647465786487,20,0.31258562426977415,0.008
111,132.72340425531914,154.14893617021278,-0.49343124040771824,-0.8697848072883893,1.0,2.3701126673170423,33.70112667200237,50.25881456068491,24.799269210100245,43.714353337208216,20,0.3350587637378994,0.008
112,138.62790697674419,153.2093023255814,-0.9989405379898184,-0.04601957801427718,1.0,2.402798686096784,34.027986861232755,51.55717622803235,51.50255335846651,2.3726394936217714,20,0.3437145081868823,0.008
113,145.28846153846155,155.82692307692307,-0.29505240616379663,-0.9554810713022807,1.0,2.7721046539455427,37.721046539479154,66.24096352556123,19.54455567482513,63.29198679349854,20,0.4416064235037415,0.008
114,153.24561403508773,155.08771929824562,0.8350574923739477,0.5501626890567318,1.0,3.125966482139382,41.25966487767027,79.64493722833723,-66.50810156217575,-43.81767283529662,20,0.5309662481889148,0.008
115,160.73469387755102,156.26530612244898,0.8493614150239898,-0.5278116962217169,1.0,3.671760985758888,46.7176096298385,97.56576266905438,-82.86859423848279,51.496350687519055,20,0.6504384177936958,0.008
116,164.36363636363637,152.52272727272728,0.051762950467383224,-0.9986593998751082,1.0,3.8802043913221262,48.80204391331706,103.35394070893541,-5.349904913525486,103.21538440311295,20,0.6890262713929027,0.008
117,99.13461538461539,158.90384615384616,0.9980057533501436,-0.06312302495929968,1.0,3.835658482173264,48.35658482178243,102.16696238636132,-101.96321626389631,6.4490877167301175,20,0.6811130825757421,0.008
118,103.025,153.6,0.04434682515367805,-0.9990161956138595,1.0,3.257979808693646,42.5797980869098,84.32654356354816,-3.7396144832266853,84.24358274012226,20,0.562176957090321,0.008
119,115.6938775510204,156.0408163265306,0.9590433950652959,-0.28325918587334553,1.0,2.878595139804865,38.78595139796472,70.3826443330494,-67.50001017484091,19.93653053339281,20,0.469217628886996,0.008
120,122.71111111111111,155.6,-0.3872169357487994,-0.9219886358677692,1.0,2.552034214295894,35.52034535841491,57.51164653291789,22.269483540344527,53.025084533394285,20,0.38341097688611925,0.008
121,129.88372093023256,162.46511627906978,0.32118856396322054,-0.9470152619568727,1.0,2.915407170071038,39.15407169734557,71.79569660032735,-23.059956689798216,67.99162042333515,20,0.4786379773355156,0.008
122,134.02173913043478,162.30434782608697,0.9209021013476515,0.3897939452242425,1.0,2.929978517356379,39.299785173580226,72.35204083409262,-66.62914644090698,-28.202387441746453,20,0.4823469388939508,0.008
123,139.625,161.70833333333334,0.9167917220935919,0.3993656699074999,1.0,3.0225084493855365,40.22508449521568,75.84166556384005,-69.5310111787192,-30.288557574803548,20,0.5056111037589337,0.008
124,148.8181818181818,161.27272727272728,0.9627834905165291,-0.27027384333081195,1.0,3.2806062513274834,42.8060619186678,85.10816198710287,-81.94073326938909,23.002510039075606,20,0.5673877465806858,0.008
125,157.06521739130434,162.5,0.9298350455673731,0.3679766134344969,1.0,3.726257281162753,47.262572811716005,99.13666500022497,-92.18074541788158,-36.479974253973,20,0.6609111000014998,0.008
126,167.0,161.27659574468086,0.9997614993893015,0.021839055356308104,1.0,4.049269004829987,50.492690133646896,107.61594175097805,-107.59027528314955,-2.350230509120838,20,0.717439611673187,0.008
127,107.78260869565217,157.8695652173913,-0.430449009753105,-0.902614895734926,1.0,3.5156091482088536,45.15609148158263,92.83857440592193,39.96227241991905,83.7974801575804,20,0.6189238293728129,0.008
128,116.8913043478261,161.7173913043478,-0.32987552494059824,0.9440244372076206,1.0,3.499567323869956,44.99567323879032,92.33410047381001,30.45875986371602,-87.16564723486039,20,0.6155606698254,0.008
129,124.0204081632653,162.85714285714286,0.9583317353529953,-0.2856576360178676,1.0,3.0565635488943674,40.5656323972634,77.10571064957291,-73.89284949243114,22.025835027634717,20,0.5140380709971527,0.008
130,131.48936170212767,173.82978723404256,-0.007686698148936415,0.9999704568993861,1.0,3.74387404185263,47.4387404184799,99.6357352393344,0.7658698216321104,-99.63279169078348,20,0.664238234928896,0.008
131,138.32692307692307,169.40384615384616,0.0925084730850106,0.9957118972913199,1.0,3.696501924229821,46.9650192422473,98.28401222308655,-9.092103899426256,-97.86256028405279,20,0.6552267481539104,0.008
132,146.92156862745097,166.76470588235293,0.9702831795139717,-0.2419722123555883,1.0,3.7211568706522424,47.21156870646439,98.9913764670402,-96.04966750290431,23.953162367854638,20,0.659942509780268,0.008
133,153.44,169.3,0.25555983198982923,0.9667932417395823,1.0,3.9769478387043504,49.76947838704166,105.83939909343769,-27.04829905022342,-102.32481575331403,20,0.7055959939562513,0.008
134,162.08163265306123,166.77551020408163,0.9707939920873124,0.23991462007801692,1.0,4.050092092315559,50.50092092337054,107.63576450095806,-104.4921535112549,-25.823393547054255,20,0.7175717633397204,0.008
135,127.79166666666667,169.79166666666666,0.9240570494056172,0.38225458721091227,1.0,3.454566829978371,44.54566829977732,90.90045750287943,-83.99720854973147,-34.74711686004625,20,0.6060030500191962,0.008
136,120.93333333333334,168.88888888888889,0.7011613487644606,-0.7130026388442069,1.0,3.717630399269649,47.17630399396419,98.8907131567764,-69.33834581728473,70.5093394379671,20,0.659271421045176,0.008
137,123.46808510638297,175.85106382978722,-0.9394903550225358,-0.3425753534912134,1.0,3.9627132033724823,49.62713203264187,105.48157007523622,99.09891771831816,36.13538615533224,20,0.7032104671682414,0.008
138,134.5609756097561,178.0487804878049,0.21504457196673923,0.9766042351268205,1.0,4.03196923663093,50.31969236621381,107.1972480539249,-23.052186323768648,-104.68928644340336,20,0.7146483203594993,0.008
