cell_id,x,y,x_self_polarity,y_self_polarity,a,s,rac,f,f_x,f_y,fpp,f_coef,p_frac
1,124.47826086956522,96.97826086956522,0.4675538395899812,0.8839645960583863,1.0,3.503739735402318,45.037397523893354,92.46564726800834,-43.232668410330156,-81.73635853654223,20,0.6164376484533889,0.008
2,130.07894736842104,95.52631578947368,0.4001405592258008,-0.9164537810836199,1.0,3.419072002539749,44.190719827538814,89.75057542585365,-35.91284544173849,82.2522542034542,20,0.598337169505691,0.008
3,112.02083333333333,98.1875,-0.9722052001444494,-0.23413040984052239,1.0,3.756364769866335,47.56364769867715,99.98700134257196,97.2078826520985,23.409997603061235,20,0.6665800089504798,0.008
4,129.51063829787233,88.34042553191489,-0.8963493003946079,-0.44334854424267234,1.0,3.978202715660684,49.78202715658883,105.87081461776722,94.89723061484288,46.937671538572936,20,0.7058054307851148,0.008
5,134.9318181818182,95.38636363636364,0.6605483870121327,-0.7507834763869473,1.0,3.383579468960892,43.835794689614644,88.5841513403915,-58.51411828273426,66.50751709612659,20,0.5905610089359433,0.008
6,133.625,81.85416666666667,-0.897415661350358,0.4411860500549623,1.0,4.078742210171719,50.78742210169811,108.3202613100639,97.2082989412146,-47.78938822830845,20,0.722135075400426,0.008
7,139.85714285714286,94.79591836734694,0.9915879130057139,0.12943496738120172,1.0,3.673331791414613,46.733317914194956,97.61161573241856,-96.79049832922463,-12.634356298351992,20,0.6507441048827903,0.008
8,95.78260869565217,88.32608695652173,-0.9977323187502711,0.06730690990683898,1.0,4.089387238008743,50.89387238962148,108.57187229039704,108.32566589135615,-7.30763722666658,20,0.7238124819359802,0.008
9,101.46666666666667,93.95555555555555,0.07560295558028295,-0.9971380010347243,1.0,3.994861775476222,49.94861766986672,106.28588688896798,-8.035527185277624,105.98169679066834,20,0.7085725792597866,0.008
10,102.64285714285714,107.19047619047619,-0.5897430138120113,0.8075909717548394,1.0,3.2493470085089236,42.4934700850536,84.02667668240908,49.554145547291384,-67.85918547527645,20,0.5601778445493938,0.008
11,104.95652173913044,100.95652173913044,-0.9416716668933874,-0.33653301735525026,1.0,3.5854825798725365,45.85482579845555,94.99513220632429,89.45422449148711,31.968998475455223,20,0.6333008813754952,0.008
12,120.0,101.72549019607843,-0.8434867714141404,0.5371499478258838,1.0,3.078718939228777,40.787189705274606,77.92181055084248,65.72601640427443,-41.85569647188344,20,0.5194787370056165,0.008
13,130.29268292682926,101.5609756097561,0.9000926565929476,-0.435698530577566,1.0,2.8233974921464764,38.23397492146875,68.24511333413345,-61.42692536040697,29.7342955987814,20,0.4549674222275563,0.008
14,138.12727272727273,86.81818181818181,0.9923290908053403,-0.12362433231951857,1.0,4.019501360687601,50.19501360737807,106.89306178387845,-106.07309481339517,13.21458339262102,20,0.712620411892523,0.008
15,140.46,103.84,-0.09932639793376769,0.9950549063612032,1.0,2.777700311431957,37.777003113624964,66.46035594990916,6.601267761900522,-66.13170326646909,20,0.44306903966606104,0.008
16,145.42105263157896,98.52631578947368,0.6127028805230552,0.7903133430473959,1.0,3.6705458052531337,46.70545805341044,97.53026845374845,-59.75707641979854,-77.0794725099919,20,0.6502017896916563,0.008
17,156.84782608695653,103.84782608695652,0.9858381121049958,0.16769978151821696,1.0,3.7344031246531166,47.34403124656205,99.36796187575294,-97.96072393931348,-16.66398549647428,20,0.6624530791716863,0.008
18,93.77551020408163,95.87755102040816,-0.9298302003337005,-0.36798885655328006,1.0,4.012460637104268,50.12460637102278,106.72038079201148,99.23183305152483,39.27191089858294,20,0.7114692052800765,0.008
19,98.44736842105263,101.5,-0.45444458648400277,-0.8907750096491166,1.0,3.69707489760277,46.97074898052784,98.30054619973465,44.672151068890024,87.56366998958207,20,0.6553369746648977,0.008
20,111.24444444444444,103.97777777777777,-0.9633502385595915,0.268246748101777,1.0,3.1269422236090745,41.26942223610542,79.6802689438354,76.76000609553624,-21.37397303205886,20,0.5312017929589027,0.008
21,117.38297872340425,107.27659574468085,-0.9967778412752663,-0.0802118142334421,1.0,2.6466608512585497,36.46660851250359,61.28369803071504,61.08623222842142,4.915676601978077,20,0.4085579868714336,0.008
22,125.92682926829268,107.0,-0.8556931346842569,-0.517483583560126,1.0,2.444413377381539,34.44413377382084,53.214611940275745,45.535378102180836,27.537688084615365,20,0.3547640796018383,0.008
23,133.60416666666666,105.625,-0.8853541272514902,0.4649172715212374,1.0,2.4982573151954908,34.98257304314229,55.36367416409416,49.01645742098746,-25.73952833376148,20,0.36909116109396106,0.008
24,142.0,110.0,-0.7588132672568197,-0.651308241491715,1.0,2.3817508808109675,33.81750876675471,50.720695945680575,38.48753700808161,33.03480728361717,20,0.33813797297120385,0.008
25,148.1320754716981,103.81132075471699,0.9940296945292854,-0.1091098822014562,1.0,3.2593585844442363,42.59358584433464,84.37435233769408,-83.87061168034434,9.206075644389962,20,0.5624956822512939,0.008
26,164.4318181818182,104.38636363636364,0.6438584830602125,-0.7651445966556922,1.0,3.919268965569839,49.192689655713686,104.37271177974183,-67.20125587938536,79.86021645657138,20,0.6958180785316123,0.008
27,172.06521739130434,104.58695652173913,0.9097967675196428,0.41505402276186765,1.0,4.085080655861637,50.85080655947355,108.47025646394101,-98.68588870292017,-45.021016295370195,20,0.7231350430929401,0.008
28,164.9795918367347,83.48979591836735,0.7520530035176812,-0.6591026322963932,1.0,4.117079360969661,51.17079361024661,109.21956884933131,-82.1389047960458,71.98690532687142,20,0.7281304589955421,0.008
29,85.88888888888889,99.28888888888889,-0.9884951042848118,-0.15125286379093497,1.0,4.103943205362749,51.039432050530735,108.91355490639538,107.66051581522687,16.473487085243537,20,0.7260903660426359,0.008
30,97.52083333333333,110.08333333333333,-0.4857108565799674,-0.8741195363337639,1.0,3.6062970797199743,46.06297079720149,95.6246514085114,46.44593134578886,83.5873759512858,20,0.6374976760567427,0.008
31,105.27083333333333,114.10416666666667,0.001537288001886346,0.9999988183721015,1.0,2.8134725062535133,38.13472506254212,67.85857590520669,-0.10431817456416814,-67.85849572162024,20,0.4523905060347113,0.008
32,110.41509433962264,110.54716981132076,-0.5139462228190873,0.8578224058917981,1.0,2.694808444632278,36.94808444654432,63.19413839941378,32.47838873468535,-54.209347840044394,20,0.4212942559960919,0.008
33,118.04,114.22,0.1668557058633884,-0.9859813250872607,1.0,2.227691309280002,32.27691309569725,44.66018788105249,-7.451807172884557,44.03411122560615,20,0.29773458587368323,0.008
34,125.39024390243902,111.97560975609755,0.3725384297880636,-0.9280167661906998,1.0,2.163792136819213,31.637921368159414,42.19288543714859,-15.718471288982991,39.15570509963731,20,0.2812859029143239,0.008
35,133.52941176470588,111.94117647058823,-0.9998708957842324,-0.016068346636688862,1.0,2.1287589026770677,31.28758902853615,40.85548316645876,40.85020855134475,0.656480065528066,20,0.27236988777639176,0.008
36,142.14545454545456,115.43636363636364,0.982912242965106,0.18407477455997184,1.0,2.1233070890912122,31.23307081193439,40.64843168207606,-39.953841157643254,-7.482350898094568,20,0.2709895445471737,0.008
37,150.93023255813952,109.02325581395348,0.8376288589398208,-0.5462397776354023,1.0,2.856755273371001,38.567551817740636,69.53945575024817,-58.248254971376525,37.98521684590246,20,0.46359637166832113,0.008
38,161.30769230769232,110.53846153846153,0.8072455410739087,-0.5902157541241105,1.0,3.358948825356693,43.589488255239324,87.76503797887315,-70.8479355706276,51.80030807643182,20,0.5851002531924877,0.008
39,167.39622641509433,112.58490566037736,0.848201696210497,-0.5296733734535234,1.0,3.7414377415746296,47.41437741584337,99.56697110133729,-84.45287377469583,52.737973467794795,20,0.6637798073422486,0.008
40,167.8,119.46666666666667,-0.2558329162620334,0.9667210140246583,1.0,3.567653527959674,45.676534805079946,94.45118656810101,24.16372250412668,-91.30794685494679,20,0.6296745771206734,0.008
41,93.25,102.54166666666667,-0.8159131051490367,-0.5781745453114112,1.0,3.942191863545239,49.42191742673827,104.9609402993154,85.63900671897709,60.685743933014855,20,0.699739601995436,0.008
42,101.05128205128206,124.23076923076923,0.07185151664926268,0.9974153395427608,1.0,3.1376063797484988,41.376063797568285,80.06573896180882,-5.752844776049925,-79.8587962123346,20,0.5337715930787255,0.008
43,103.22222222222223,118.93333333333334,-0.7818711953216907,0.6234400002616375,1.0,2.888822762920754,38.88822762976585,70.7762915486753,55.337943673599234,-44.12477122162386,20,0.4718419436578353,0.008
44,112.55319148936171,118.55319148936171,0.12177662549221717,0.9925575315737262,1.0,2.2679727327182158,32.67972732716857,46.231594700699496,-5.629927593775054,-45.88751751684325,20,0.30821063133799664,0.008
45,118.81818181818181,120.97727272727273,0.2941299224712758,-0.9557654464914712,1.0,1.9662853744492883,29.66285362862234,34.82985480386673,-10.244502493147113,33.2891717278508,20,0.23219903202577818,0.008
46,125.32608695652173,117.76086956521739,0.4057421946194124,-0.9139875663844792,1.0,1.9205335782704944,29.20533578273629,33.194857793144905,-13.468554451069918,30.339687290835375,20,0.2212990519542994,0.008
47,132.6078431372549,118.01960784313725,0.8646570829113038,0.5023625473413746,1.0,1.8754817182111108,28.75481718198282,31.61534300426646,-27.336430257309335,-15.882364246694607,20,0.2107689533617764,0.008
48,143.0681818181818,120.11363636363636,0.9993970420976078,0.034721063442125444,1.0,1.9951762262868133,29.951762243387517,35.87741559262423,-35.85578302137525,-1.2457020229310065,20,0.23918277061749488,0.008
49,150.0681818181818,116.18181818181819,0.05739916691840503,-0.9983513087270799,1.0,2.3936112534195675,33.93611253419321,51.191876661264175,-2.938371073346305,51.10747706096834,20,0.34127917774176114,0.008
50,155.2826086956522,113.3913043478261,-0.057043111016000306,-0.99837171608856,1.0,2.8052424267376423,38.052424267378115,67.53757458219786,3.8525533646437133,67.42760423608799,20,0.45025049721465243,0.008
51,155.31372549019608,124.58823529411765,0.05695179870363584,-0.99837692913269,1.0,2.4528706731706125,34.5287067317152,53.551906031956264,-3.049877372527995,53.46498749338688,20,0.35701270687970843,0.008
52,159.40816326530611,117.87755102040816,-0.17223350878370608,-0.9850561498980923,1.0,2.8664490510021503,38.6644905111903,69.9141421954812,12.041558023930689,68.86935573450847,20,0.46609428130320807,0.008
53,169.06382978723406,126.2127659574468,0.29988769773551516,0.9539745115813589,1.0,3.503826179637095,45.03826179626588,92.46836962874602,-27.730126481321275,-88.21246775330755,20,0.6164557975249735,0.008
54,96.64150943396227,117.9622641509434,0.03520596163826167,0.9993800779809077,1.0,3.7457105953726453,47.457107767148194,99.68752275788123,-3.5095951020273035,-99.62572426749485,20,0.6645834850525415,0.008
55,94.77083333333333,129.5,-0.2508491201443934,0.9680261974361974,1.0,3.6387413732970155,46.38741389743765,96.59404595251432,24.230531438375323,-93.50556699838975,20,0.6439603063500955,0.008
56,101.80952380952381,129.1904761904762,0.03049569667371879,0.9995348980822955,1.0,2.797162769492932,37.971627820456156,67.22203384877149,-2.0499827540425923,-67.19076875191642,20,0.44814689232514326,0.008
57,108.68888888888888,124.53333333333333,0.27132528324796795,0.9624877093607014,1.0,2.328409905281292,33.28409905266345,48.60824175073871,-13.188644961204883,-46.78483525871971,20,0.32405494500492477,0.008
58,115.7560975609756,126.1219512195122,0.9926176118600152,-0.12128592921406908,1.0,1.9711453488492716,29.711453488474426,35.00527822348625,-34.74685567269232,4.245647696732547,20,0.23336852148990836,0.008
59,125.52083333333333,124.58333333333333,-0.9944496329663048,0.10521372293185689,1.0,1.7410869199707355,27.41086919984087,27.10173096564343,26.951306411535647,-2.8514740127929343,20,0.18067820643762286,0.008
60,133.375,124.25,0.8822342983938309,-0.4708106230083863,1.0,1.7174196988848438,27.17419698916548,26.34001917788948,-23.238068339085377,12.401160839194988,20,0.17560012785259654,0.008
61,140.8125,124.8125,0.7939496449736548,-0.6079835205383509,1.0,1.830061191227081,28.300611915804307,30.055484482879255,-23.862541234693175,18.273239267386707,20,0.20036989655252838,0.008
62,149.11111111111111,124.24444444444444,0.7736168841455888,0.633653625070409,1.0,2.130667116777686,31.30667120823786,40.92802448361667,-31.6626107752499,-25.934191081014156,20,0.27285349655744445,0.008
63,153.2340425531915,132.4255319148936,-0.973799610140168,0.2274078259226288,1.0,2.317803586213946,33.17803586175232,48.18971642878258,46.92712707111373,-10.958718644897434,20,0.32126477619188387,0.008
64,161.6304347826087,129.82608695652175,-0.9695281826486911,-0.2449798013100797,1.0,2.8913355056707424,38.91335505928742,70.87288166780877,68.71325616246638,17.362424469252584,20,0.47248587778539175,0.008
65,162.20454545454547,123.75,0.9550894285912971,-0.2963177068505179,1.0,2.9278658596989042,39.27865859737107,72.27148655602373,-69.02573279823632,21.415321166958986,20,0.4818099103734915,0.008
66,194.87179487179486,123.48717948717949,0.9999986157320666,-0.0016638912075443285,1.0,4.119684561411503,51.1968456141267,109.27999537680618,-109.27984410401282,0.18183002346795268,20,0.7285333025120412,0.008
67,90.72727272727273,122.20454545454545,0.9707447175404605,-0.24011391747937383,1.0,4.105174476588545,51.05174476583164,108.94233220988538,-105.7551935092842,26.158570166254947,20,0.7262822147325692,0.008
68,93.4390243902439,135.78048780487805,0.0917077162174008,0.9957859683617704,1.0,3.540802968277732,45.40802968273424,93.62381622763462,-8.586026369794,-93.22928250395957,20,0.6241587748508974,0.008
69,100.25581395348837,135.88372093023256,-0.6383102507029803,0.7697792046083723,1.0,2.819991765110519,38.199916649253,68.1125417315734,43.476933588697825,-52.43161819798514,20,0.45408361154382265,0.008
70,108.02,132.36,-0.776457823210388,-0.6301692223326888,1.0,2.298347761722554,32.98347761681014,47.42350616193467,36.822352363500215,29.884833998355845,20,0.3161567077462311,0.008
71,114.72727272727273,131.6818181818182,-0.9618755965420852,-0.2734873612743517,1.0,1.9772714547699863,29.772714547633367,35.226866134931974,33.88386287784587,9.634102665207365,20,0.23484577423287983,0.008
72,122.5,130.32,-0.7685931183349708,0.6397379295056106,1.0,1.738643414197481,27.386434142152606,27.0226083130081,20.7693907888394,-17.287387492004903,20,0.18015072208672067,0.008
73,130.40384615384616,130.84615384615384,-0.4030859391392079,-0.9151621308097614,1.0,1.6485943236498382,26.485943231775718,24.185380235243272,9.748786705561871,22.13354411052952,20,0.16123586823495514,0.008
74,137.97916666666666,130.72916666666666,-0.9999850741021893,0.005463659290152077,1.0,1.7188191952529905,27.188191991421476,26.384770774688917,26.384376958296574,-0.1441573979616621,20,0.17589847183125945,0.008
75,147.375,129.91666666666666,0.5579283647220675,-0.8298891129774867,1.0,2.0110567758506868,30.110567758493875,36.45796900326123,-20.340935027077364,30.25607155707717,20,0.24305312668840823,0.008
76,150.59574468085106,138.5744680851064,0.8628649717167253,0.5054345067209942,1.0,2.260814311334314,32.608143113308095,45.95153223845931,-39.64996756527838,-23.225490030019543,20,0.30634354825639537,0.008
77,158.7173913043478,136.2173913043478,0.07050871078475658,0.9975111636986683,1.0,2.956984571512122,39.56984571516074,73.37843807875203,-5.173819068331896,-73.1958111583266,20,0.48918958719168015,0.008
78,166.66666666666666,134.41666666666666,-0.8659693371396485,-0.5000970977059532,1.0,3.647636760078597,46.47636654919453,96.85729722116383,83.87544947174916,48.438053231946924,20,0.6457153148077589,0.008
79,174.42307692307693,128.59615384615384,0.924839068780463,0.38035864241171935,1.0,3.871564983950091,48.71565001956709,103.12584302956634,-95.37480863466433,-39.22480565228992,20,0.6875056201971089,0.008
80,76.48780487804878,140.390243902439,-0.49681906987648217,0.8678541420118171,1.0,4.120447718992398,51.20447718995579,109.29768003577563,54.3011717350314,-94.85444433133017,20,0.7286512002385042,0.008
81,84.88636363636364,140.1818181818182,-0.9422508295114739,0.3349080086903558,1.0,3.9812436287719604,49.81243628769284,105.94685621617954,99.82851315382803,-35.482450642364135,20,0.7063123747745302,0.008
82,92.75,141.1818181818182,-0.9487485806633255,0.31603185075135315,1.0,3.434456060401956,44.3445609972147,90.25100764264656,85.62551540439586,-28.52219297748011,20,0.6016733842843104,0.008
83,104.8409090909091,138.72727272727272,-0.5764733801454403,-0.8171159293415413,1.0,2.529707451423839,35.297074514216945,56.6199096110939,32.639870677036605,46.26503006110306,20,0.37746606407395933,0.008
84,114.61538461538461,138.3846153846154,-0.28973766020242875,-0.9571061008375309,1.0,2.0496916134565075,30.496916138500257,37.88370684311123,10.976336580517785,36.25872694188227,20,0.2525580456207415,0.008
85,122.12,136.14,-0.5483172874366066,-0.8362703822916138,1.0,1.7826295978806783,27.82629617300268,28.463503792985495,15.60703119071137,23.80318519831878,20,0.18975669195323663,0.008
86,130.95652173913044,137.67391304347825,0.10953720135559389,-0.9939826967906353,1.0,1.7079668858674397,27.07966884030769,26.038712628870925,-2.85220770826908,25.882029799801497,20,0.17359141752580617,0.008
87,138.19230769230768,138.19230769230768,-0.36444978527191585,0.931223042034106,1.0,1.7951461071365484,27.951461071229755,28.87982626906634,10.525246482451461,-26.89355967169644,20,0.19253217512710893,0.008
88,143.97916666666666,135.8125,0.10328668162168526,0.9946516281591161,1.0,1.915335253628163,29.15335253631159,33.011023727487874,-3.409599097746938,-32.83446849774503,20,0.2200734915165858,0.008
89,145.82978723404256,144.25531914893617,-0.029684202146242202,0.9995593269751131,1.0,2.19291677231406,31.929167723147778,43.313259988845175,1.2857195651216244,-43.294173003548174,20,0.28875506659230116,0.008
90,152.46341463414635,143.58536585365854,-0.825073370457233,0.5650256041652818,1.0,2.5140938779587265,35.140938779549316,55.99622633655875,46.2009951963906,-31.63930161678997,20,0.3733081755770583,0.008
91,174.0,135.2156862745098,-0.9718720354512722,0.23550954695680815,1.0,3.9929983930863164,49.9299839309622,106.2396425375202,103.25133763855531,-25.020450082864624,20,0.7082642835834679,0.008
92,180.64583333333334,125.10416666666667,-0.45231561662704245,-0.8918579387746113,1.0,4.093161154781146,50.93161154793596,108.66072254690515,49.14894172194337,96.90992803644275,20,0.7244048169793676,0.008
93,75.70454545454545,154.04545454545453,-0.5926983981404376,0.8054244898448019,1.0,4.112472398799593,51.12472398804519,109.11249936570161,64.67080359115086,-87.88187913731149,20,0.7274166624380107,0.008
94,85.47619047619048,145.5952380952381,-0.8626795857893967,0.5057508598729565,1.0,3.852612766849761,48.52612803852297,102.62191365335666,88.52982996339296,-51.90112107199343,20,0.6841460910223777,0.008
95,96.8913043478261,144.41304347826087,-0.8931826606189529,-0.4496940457351516,1.0,3.1236611643940293,41.23661181920767,79.56141994541217,71.06288074946507,35.778296819685785,20,0.5304094663027478,0.008
96,108.1923076923077,142.75,-0.7431540435540926,-0.6691203685056986,1.0,2.446524258445867,34.4652425844307,53.298786191874456,39.609208475016544,35.66330345761347,20,0.35532524127916304,0.008
97,119.61904761904762,143.78571428571428,0.12915728632700738,-0.991624120011531,1.0,2.03253142451752,30.325314288251118,37.248165839152215,-4.810872020443237,36.93617967229289,20,0.24832110559434808,0.008
98,125.68627450980392,142.09803921568627,0.5509698351477912,-0.8345251588521558,1.0,1.8483052714179824,28.483052714161392,30.677980344282574,-16.90264177295655,25.601546420075728,20,0.20451986896188382,0.008
99,133.16666666666666,144.29166666666666,0.0013846221635620344,-0.9999990414102726,1.0,1.8927160507743133,28.92716049727064,32.21587989142346,-0.044606821316317394,32.215849009611944,20,0.21477253260948975,0.008
100,140.73170731707316,145.8048780487805,-0.2540959444352179,0.9671790170498814,1.0,2.0774711422412917,30.77471142350579,38.919935695097806,9.889397817803825,-37.642545149229285,20,0.2594662379673187,0.008
101,144.5531914893617,153.0,0.733713652472966,0.6794588112422854,1.0,2.6008913554334856,36.00891355507095,59.461296864191546,-43.627565303005305,-40.401502082268216,20,0.396408645761277,0.008
102,150.97674418604652,150.6046511627907,0.94290672862817,0.33305690370824426,1.0,2.6989160479100844,36.98916040296156,63.356730810332216,-59.739487784945936,-21.10139659276597,20,0.42237820540221477,0.008
103,159.07142857142858,148.57142857142858,0.6322123419106035,-0.7747951695357362,1.0,3.224805097609957,42.248050976739954,83.1692754712281,-52.58064242067323,64.43915288889453,20,0.554461836474854,0.008
104,158.61363636363637,142.52272727272728,-0.11147000171040981,0.9937677991959094,1.0,3.1464468332927953,41.46446833292698,80.38433431040106,8.96044188307056,-79.88336299747549,20,0.5358955620693404,0.008
105,87.52173913043478,154.32608695652175,-0.9265093481508023,-0.3762717472640954,1.0,3.98661120808665,49.866112080468106,106.08077886292924,98.28483327562198,39.915200013890505,20,0.7072051924195283,0.008
106,83.0,149.77777777777777,-0.9809253173084315,-0.1943849836364763,1.0,3.9887049838249737,49.88704914532946,106.1329136998123,104.10846204785676,20.630644692829566,20,0.7075527579987487,0.008
107,92.98,151.54,-0.7454549703620181,-0.666555989518182,1.0,3.6768691260804505,46.76869126031478,97.71474739759066,72.84194412520303,65.13235014212023,20,0.651431649317271,0.008
108,109.73333333333333,148.2888888888889,-0.7166843536351823,0.697397689453099,1.0,2.6570596626304024,36.57059662721628,61.696968948510964,44.217252312113494,-43.02732359095114,20,0.41131312632340644,0.008
109,116.57692307692308,148.23076923076923,0.3169749468489793,-0.9484339107550335,1.0,2.364844636701988,33.64844636704979,50.04990919967161,-15.86456730836215,47.46903111517887,20,0.33366606133114407,0.008
110,129.1086956521739,150.2391304347826,0.3889635931010198,-0.9212531265846235,1.0,2.1552923849384076,31.55292409460407,41.86734018400525,-16.284871071553393,38.570418046296886,20,0.27911560122670165,0.008
111,135.56521739130434,154.91304347826087,0.5329735379441725,-0.8461319092501309,1.0,2.541069323891857,35.41069323920155,57.073729983932,-30.418787793206633,48.29190411933082,20,0.3804915332262133,0.008
112,138.02325581395348,150.48837209302326,0.2404971272489836,-0.9706498502472383,1.0,2.244498212168711,32.444982122644916,45.314465832326874,-10.897998855496835,43.984479474181676,20,0.3020964388821792,0.008
113,151.83333333333334,156.52380952380952,0.999738295731075,-0.02287662669026812,1.0,3.114444225957144,41.144442258920975,79.22692656981913,-79.20619254492199,1.8124448229550367,20,0.5281795104654609,0.008
114,158.45,153.65,0.7790199821624246,-0.6269990968029026,1.0,3.294563408565207,42.94563408563782,85.58715531241025,-66.6741042048065,53.66306907881097,20,0.5705810354160683,0.008
115,166.51063829787233,153.27659574468086,0.7183186535015951,-0.695714245959974,1.0,3.9166092582161656,49.166092582155386,104.30400257610829,-74.923510685297,72.56578050284436,20,0.6953600171740553,0.008
116,164.74468085106383,144.7872340425532,0.9170579567872401,-0.3987539390315943,1.0,3.8939537234228974,48.939537234314756,103.71486475652597,-95.11254196208465,41.3567108577938,20,0.6914324317101731,0.008
117,101.08510638297872,152.89361702127658,-0.9264175846016839,-0.3764976214277879,1.0,3.5835063738395547,45.83506373895355,94.93505472897509,87.94950409604577,35.74282229557599,20,0.6329003648598339,0.008
118,100.65116279069767,147.93023255813952,0.3646356325053947,-0.9311502862091546,1.0,3.0639414955538347,40.63941495552929,77.37804558624222,-28.2147925943707,72.05058929393446,20,0.5158536372416148,0.008
119,119.58536585365853,154.5121951219512,0.9764331596375753,-0.21582002863539235,1.0,2.9719292811470193,39.71929255467043,73.94370596368186,-72.2010864494297,15.958532738488852,20,0.4929580397578791,0.008
120,124.6304347826087,151.56521739130434,-0.3103451009790696,-0.9506239626152347,1.0,2.3188327062249683,33.188327061371766,48.23030081512471,14.96803757672078,45.848879678998635,20,0.32153533876749807,0.008
121,133.26666666666668,158.7111111111111,0.9767101274306486,-0.21456310720719507,1.0,2.759605421379451,37.596061501876484,65.75030548885748,-64.21898925262606,14.107589845511553,20,0.4383353699257165,0.008
122,137.75471698113208,165.69811320754718,0.7610213426189786,0.6487268424216832,1.0,3.730049818005029,47.300498180346736,99.24446570501361,-75.52715653833263,-64.38254886464051,20,0.6616297713667574,0.008
123,143.73333333333332,158.51111111111112,0.8859433523744619,-0.46379346306680547,1.0,3.253145228428639,42.53145228527253,84.15872240233294,-74.55986065667457,39.03226531025594,20,0.5610581493488863,0.008
124,152.6326530612245,162.53061224489795,-0.4467195997576258,0.8946740183957431,1.0,3.6854482139133298,46.85448213407869,97.96415639630177,43.76250873594939,-87.64598546182835,20,0.6530943759753451,0.008
125,159.19230769230768,160.09615384615384,-0.2762696421737461,0.9610801656538285,1.0,3.595751215496621,45.957512154911605,95.3064418044335,26.3302765741638,-91.59713087728191,20,0.6353762786962234,0.008
126,172.0625,156.95833333333334,0.7856913477630159,-0.6186187081315404,1.0,4.067069389006115,50.670690868727355,108.04266116296327,-84.88818406503147,66.83721147172609,20,0.7202844077530884,0.008
127,108.30952380952381,153.61904761904762,-0.7475502034603037,0.6642053096042356,1.0,3.3710308547332026,43.710308396021325,88.16781774813758,65.90987009627122,-58.56153268453154,20,0.5877854516542506,0.008
128,113.18867924528301,157.73584905660377,0.4258775938058028,-0.9047807884201453,1.0,3.673701282527063,46.73701236326366,97.6223950293796,-41.57519069667175,88.32686754214495,20,0.6508159668625307,0.008
129,125.38636363636364,158.75,0.9152554585733416,-0.4028739822223598,1.0,2.988157291552418,39.88157291605658,74.55524492753574,-68.23709488519953,30.036368419519714,20,0.4970349661835716,0.008
130,132.0909090909091,173.45454545454547,0.4266108891429922,-0.9044352653809036,1.0,3.838722761812847,48.387227734586105,102.2494795961789,-43.62074140493412,92.47803521362935,20,0.6816631973078593,0.008
131,136.0,176.95,-0.6230999372512561,0.7821422301586078,1.0,4.047100195275555,50.471001952883114,107.56366627579808,67.02291370696484,-84.13008582498895,20,0.7170911085053205,0.008
132,152.8,168.44,-0.031850632629724956,0.9994926398934043,1.0,4.001054757783597,50.0105474174309,106.43925078362317,3.3901574740923457,-106.38524775399962,20,0.7095950052241544,0.008
133,160.48837209302326,167.8139534883721,0.9913365668169586,-0.13134615065378116,1.0,4.024366232394502,50.24366232398937,107.01199623192508,-106.08490495278592,14.055613778840295,20,0.7134133082128339,0.008
134,165.58333333333334,160.52083333333334,0.44558037465477535,-0.895241939211133,1.0,3.917612262193666,49.17612262224968,104.32992474299955,-46.48736695469026,93.40052414467449,20,0.695532831619997,0.008
135,130.88372093023256,164.34883720930233,-0.1847191836167145,-0.9827913426582341,1.0,3.193448605542103,41.93448605540124,82.06336878258622,15.1586784863567,80.65116838889573,20,0.5470891252172415,0.008
136,123.13636363636364,164.11363636363637,-0.9023961304337214,-0.4309074422404956,1.0,3.697089427018586,46.97089447178028,98.30096597660634,88.70641131518646,42.358617818749416,20,0.6553397731773756,0.008
137,127.68085106382979,169.95744680851064,0.26158681646512577,-0.9651799508131323,1.0,3.749715110306376,47.497151101415525,99.80026574940348,-26.106433799759987,96.32521558714679,20,0.6653351049960232,0.008
138,130.3,181.76,-0.81780009462876,-0.5755023937614779,1.0,4.09218794916442,50.92187949638836,108.63782773064678,88.84402579838586,62.52132991203429,20,0.7242521848709785,0.008
