cell_id,x,y,x_self_polarity,y_self_polarity,a,s,rac,f,f_x,f_y,fpp,f_coef,p_frac
1,139.41304347826087,91.45652173913044,0.9098945714855357,0.4148395699317429,1.0,3.8158867332848674,48.15886766890694,101.63145372438825,-92.47390803600429,-42.16074855456306,20,0.677543024829255,0.008
2,141.44736842105263,87.65789473684211,0.7642179910455663,-0.6449580313185336,1.0,3.9569827167467904,49.56982716740653,105.33675438539869,-80.50024281966964,67.93778573389065,20,0.7022450292359913,0.008
3,120.35555555555555,98.42222222222222,-0.6668656642978384,-0.7451779557800959,1.0,3.8478915756960665,48.47891575702918,102.49561811585573,68.3508084624477,76.37747518399074,20,0.6833041207723716,0.008
4,138.34883720930233,76.44186046511628,0.18196395196267356,-0.9833052019521334,1.0,4.114500772140678,51.14500772195971,109.15967392118098,-19.863125661654887,107.3372752100959,20,0.7277311594745399,0.008
5,151.50980392156862,92.54901960784314,0.9965651555330951,0.08281238299492323,1.0,3.832989766267086,48.329897657019224,102.09499306616117,-101.74431264412917,-8.45472966765897,20,0.6806332871077411,0.008
6,148.29545454545453,87.38636363636364,0.9964648440173829,-0.08401080071879168,1.0,3.9770705477255524,49.77070547724045,105.8424720067607,-105.46830235863102,8.89191082334426,20,0.7056164800450714,0.008
7,153.2,97.66666666666667,0.9949597853944939,0.10027474980144727,1.0,3.944467518725294,49.4446751872565,105.01895470993998,-104.48963664055596,-10.530749407948752,20,0.7001263647329332,0.008
8,81.97872340425532,80.8936170212766,-0.5199428584996584,0.8542010441899519,1.0,4.100922030544269,51.009220305468126,108.84286129113879,56.59206842699652,-92.97368576751285,20,0.7256190752742586,0.008
9,92.35555555555555,76.68888888888888,-0.7474484467739344,-0.6643198171176538,1.0,4.0520846231986365,50.520846231996856,107.68371527717666,80.48802572677229,71.5364260394835,20,0.7178914351811777,0.008
10,105.23809523809524,90.95238095238095,-0.15441682536163617,-0.9880057915038929,1.0,4.044770133364983,50.44770308027622,107.50743998041662,16.600957584532576,106.21797333040878,20,0.7167162665361108,0.008
11,102.92105263157895,76.63157894736842,-0.054213125999278015,-0.9985293871335917,1.0,4.105712330216589,51.057123461796266,108.95489718952017,5.906785569573839,108.79466671585507,20,0.7263659812634677,0.008
12,127.53191489361703,97.25531914893617,-0.1257427497116887,-0.9920628815226098,1.0,3.7630199555287493,47.63019955528898,100.17328337590851,12.59606409933493,99.37819615748474,20,0.6678218891727234,0.008
13,144.2391304347826,96.28260869565217,0.979886104860703,0.19955756437910097,1.0,3.5306467014793084,45.306467014760536,93.30830221725978,-91.431508810836,-18.62037752682543,20,0.6220553481150652,0.008
14,160.06976744186048,92.79069767441861,0.9961416397140204,0.08776009131639974,1.0,4.06686068123697,50.66860681231923,108.03768895535327,-107.62084062689893,-9.481397448334596,20,0.7202512597023552,0.008
15,144.15384615384616,108.74358974358974,-0.8728821018121486,-0.4879311799178301,1.0,3.093307045599767,40.93307037005918,78.45637726682249,68.4831674892309,38.28131273187912,20,0.5230425151121499,0.008
16,145.8,103.02222222222223,-0.9996868894801414,-0.0250224499503856,1.0,3.5056426728570758,45.05642672820147,92.52556376932844,92.49659304195642,2.315216288549232,20,0.6168370917955229,0.008
17,167.1,108.92,0.254783284862167,-0.96699817877535,1.0,4.0997520974274915,50.9975407213809,108.81550028861592,-27.724370607453647,105.22439060162017,20,0.7254366685907728,0.008
18,86.11320754716981,77.37735849056604,-0.9576481422832138,-0.2879410279579997,1.0,4.066742469087337,50.66742469086278,108.03486836155746,103.45939098825706,31.107671051334034,20,0.7202324557437164,0.008
19,99.20454545454545,80.6590909090909,-0.09082120950987113,-0.9958672139914859,1.0,4.045540154511342,50.45540166420615,107.52602653997363,9.765643784150909,107.08164448193811,20,0.7168401769331575,0.008
20,109.11627906976744,99.5813953488372,-0.9952080846354501,0.09777969255545226,1.0,3.831445479884703,48.31445465844316,102.05330233901687,101.56427155153547,-9.978740526977687,20,0.6803553489267791,0.008
21,121.62222222222222,103.08888888888889,0.848749614304035,-0.5287949434504379,1.0,3.262350576408402,42.62350576408162,84.47801921156484,-71.70068622298452,44.67154939178443,20,0.5631867947437657,0.008
22,132.02173913043478,101.3913043478261,0.30615141245653077,-0.9519828321198188,1.0,3.2669618082755956,42.66961808281772,84.63757519798007,-25.911913193757435,80.5735185407272,20,0.5642505013198671,0.008
23,135.6341463414634,96.17073170731707,0.01722460299114691,-0.9998516455213731,1.0,3.6729492076942734,46.72949249372681,97.60045231899623,-1.681129042951074,97.58597285477869,20,0.6506696821266416,0.008
24,139.975,101.3,-0.44485561682889685,-0.8956023002291708,1.0,3.1727186813039254,41.72718680973851,81.32594781359256,36.17830467881039,72.835705930171,20,0.5421729854239504,0.008
25,161.79545454545453,112.54545454545455,0.998439496418962,-0.05584417597788817,1.0,4.049303626864635,50.493036268947094,107.61677554962434,-107.44883918599939,6.009770151966114,20,0.7174451703308289,0.008
26,187.775,100.25,0.9974115555266946,-0.0719040256301384,1.0,4.1183514734548625,51.18351473961015,109.2490858352613,-108.96630064281734,7.855449067967818,20,0.728327238901742,0.008
27,176.275,108.8,0.9813282926250377,-0.19234027683672583,1.0,4.107174699709091,51.07174699633757,108.98903990150292,-106.95402844138397,20.96298210682403,20,0.7265935993433528,0.008
28,157.38297872340425,87.08510638297872,0.9949398333386346,-0.10047252378680434,1.0,4.066930865125577,50.669308648685956,108.03936348181117,-107.49266629660536,10.854987517337472,20,0.7202624232120745,0.008
29,92.9,83.4,0.5141789273612225,-0.8576829429676579,1.0,4.013654937136769,50.13654937133673,106.74971826625703,-54.888455634256744,91.55741252357168,20,0.7116647884417135,0.008
30,102.1590909090909,93.70454545454545,0.9981028824058599,-0.061568142193136347,1.0,3.982539089758323,49.82539089735744,105.9792133890512,-105.77815835871769,6.524943279453844,20,0.7065280892603413,0.008
31,102.76744186046511,100.76744186046511,-0.8404791682049042,-0.5418438592561443,1.0,3.961771950504069,49.617719505028035,105.45781368909451,88.63509553011791,57.14166875801441,20,0.7030520912606301,0.008
32,113.08695652173913,105.17391304347827,0.6701889431604354,-0.7421905284126836,1.0,3.30758738495315,43.07587384859374,86.03193019378017,-57.657648374621886,63.852083730884814,20,0.5735462012918678,0.008
33,120.69811320754717,108.88679245283019,0.9067759207056862,-0.42161289072839675,1.0,2.698807257488779,36.98807257484383,63.35242569739359,-57.44645414069265,26.710199332934078,20,0.4223495046492906,0.008
34,127.5,107.375,0.5612325444189755,-0.827658160767477,1.0,2.7083008546490515,37.083008546493794,63.72795415182687,-35.76620185924561,52.744961322775126,20,0.4248530276788458,0.008
35,134.13513513513513,107.02702702702703,0.012546935734222409,-0.9999212841037445,1.0,2.676486081605648,36.7648608168151,62.468083049611586,-0.7837830234635448,62.46316581846697,20,0.4164538869974106,0.008
36,138.2093023255814,109.86046511627907,-0.9999009088817487,-0.014077372533710046,1.0,2.522384799940088,35.22384799930499,56.32740791008817,56.32182636425016,0.7929419050085572,20,0.37551605273392114,0.008
37,149.1891891891892,111.62162162162163,0.012854643943116343,-0.9999173756511563,1.0,3.37373430143886,43.73734301505041,88.25768490659664,-1.1345211147180532,88.25039267285078,20,0.5883845660439776,0.008
38,183.45833333333334,112.22916666666667,0.994259213557168,0.10699820679189923,1.0,4.101062034240782,51.010620342283104,108.84613988717886,-108.22127744295994,-11.646341784148355,20,0.7256409325811924,0.008
39,183.975,116.975,0.999999988823202,0.00014951119027351606,1.0,4.106358254111009,51.063582406530365,108.96998078381117,-108.9699795658757,-0.01629223153106978,20,0.7264665385587411,0.008
40,162.24,127.64,-0.2688257339283537,-0.9631888313191147,1.0,3.565741117327513,45.657411172120995,94.39258444371659,25.375155790476214,90.91788309553422,20,0.6292838962914439,0.008
41,97.17073170731707,88.70731707317073,0.6401295926189043,-0.7682669488228395,1.0,4.024521013712424,50.24521014254474,107.01577516435121,-68.5039645597524,82.21668306142712,20,0.7134385010956747,0.008
42,109.79591836734694,129.26530612244898,-0.33747768188048816,0.9413335297505194,1.0,2.8095543595316927,38.09554359531923,67.7058075662902,22.849198987318033,-63.73374682098538,20,0.4513720504419347,0.008
43,107.06122448979592,108.3061224489796,-0.25514174873563966,-0.9669036601710223,1.0,3.701100709002919,47.01100709001501,98.41658919051805,25.110180670665827,95.15936030985976,20,0.6561105946034537,0.008
44,113.65306122448979,111.91836734693878,0.20498184967983224,-0.9787657744842914,1.0,2.8069970235633783,38.069970235656406,67.60604530594964,-13.858012216352096,66.17048329369788,20,0.45070696870633087,0.008
45,120.50943396226415,115.9622641509434,-0.9984264959289065,-0.05607612885288378,1.0,2.2369615727577346,32.369615727557125,45.02081890815273,44.949978466316786,2.5245932421559187,20,0.3001387927210182,0.008
46,127.40425531914893,115.2127659574468,-0.9214943286513716,0.38839181539182566,1.0,2.1352606956329327,31.352606956322877,41.102798098626664,37.87599533958685,-15.96399037120929,20,0.2740186539908444,0.008
47,134.51063829787233,115.12765957446808,-0.9559837170363297,-0.293419721152827,1.0,2.1317905217135533,31.317905217752024,40.970747725353526,39.167367700241215,12.021625372996052,20,0.2731383181690235,0.008
48,142.3170731707317,115.7560975609756,-0.8350347013349579,-0.5501972805880064,1.0,2.3046468989255975,33.046468961160485,47.671355612893315,39.80723619644494,26.2286502201577,20,0.3178090374192888,0.008
49,148.22222222222223,118.05555555555556,-0.7680585195358548,-0.6403796612700866,1.0,2.5502688932215016,35.502688933322794,57.44113757321399,44.1181550849381,36.78413622210322,20,0.38294091715476,0.008
50,154.2391304347826,115.21739130434783,-0.8592075827356745,-0.5116271393989171,1.0,3.4670326905310236,44.670326905128256,91.3003193083782,78.44592665594688,46.71172119395326,20,0.608668795389188,0.008
51,149.34782608695653,128.7608695652174,-0.9706998878272487,-0.24029508478570008,1.0,2.2238732527855984,32.23873252777654,44.51184295251881,43.20764096099412,10.695977076243274,20,0.29674561968345875,0.008
52,159.33333333333334,119.6470588235294,-0.3579094798956775,-0.9337562873688218,1.0,3.7367071456554752,47.36707145558338,99.43321760227066,35.588091196382415,92.84639210943243,20,0.6628881173484711,0.008
53,178.43478260869566,134.32608695652175,0.9949797355265017,0.1000766001201725,1.0,4.109333936067371,51.093339239491634,109.03940275125545,-108.49199611141185,-10.912292706479828,20,0.7269293516750364,0.008
54,105.18367346938776,119.9795918367347,0.9031910957056514,0.4292386802677794,1.0,3.5762618848697683,45.76261885027157,94.71436211613693,-85.54516849873555,-40.655067797135175,20,0.6314290807742462,0.008
55,98.47826086956522,130.45652173913044,0.05891679459615995,0.9982628968936559,1.0,3.9112035733217945,49.11203573326853,104.16406171073965,-6.137012628113377,-103.9831179955725,20,0.6944270780715976,0.008
56,105.76744186046511,134.7674418604651,0.703598385799228,0.7105978549789752,1.0,3.1020666895064877,41.02066689498563,78.77628738667879,-55.426868644523275,-55.97826084018125,20,0.5251752492445253,0.008
57,110.72916666666667,118.77083333333333,0.685584279365971,-0.7279932663742449,1.0,2.8117663166596314,38.11766316659995,67.79206353619347,-46.47717302619332,49.352165767963825,20,0.4519470902412898,0.008
58,115.64583333333333,121.5625,-0.11059285949522543,0.9938657954817991,1.0,2.259767529922634,32.597675299220434,45.910606548532684,5.077385259362452,-45.62898149840933,20,0.3060707103235512,0.008
59,123.77551020408163,121.75510204081633,-0.645242762471075,-0.763977602733677,1.0,1.9359749796805616,29.359749796823635,33.74329238648475,21.77261519432461,25.77911962576815,20,0.224955282576565,0.008
60,132.46808510638297,121.70212765957447,-0.9303270247522302,0.36673100089256594,1.0,1.8585348027207438,28.585348113804177,31.02941418854836,28.86750258183683,-11.379448122476326,20,0.20686276125698905,0.008
61,138.58333333333334,121.875,-0.9958674005736492,-0.09081916358722329,1.0,1.9285379478637326,29.285379510744182,33.478711740650034,33.34035763571566,3.0405085982635884,20,0.22319141160433356,0.008
62,143.95555555555555,124.77777777777777,-0.9888671077891603,-0.1488013546064055,1.0,2.019511704963642,30.195117049648957,36.76838830128267,36.35904979755819,5.471185985925175,20,0.2451225886752178,0.008
63,144.79545454545453,134.1818181818182,-0.698293156694034,-0.715811893806104,1.0,2.021446618409219,30.214466184074514,36.839555556854776,25.724809541001363,26.3701920301274,20,0.24559703704569852,0.008
64,156.24489795918367,127.14285714285714,-0.9505016834388335,-0.31071940682864285,1.0,2.8649053975568637,38.649053975616226,69.85452243309162,66.39684116846934,21.705155774708352,20,0.46569681622061077,0.008
65,151.06666666666666,122.55555555555556,-0.9912304389910457,-0.1321446813822594,1.0,2.548719840061938,35.48719840064157,57.379276023781756,56.876084962041574,7.582366148107356,20,0.3825285068252117,0.008
66,204.02325581395348,107.09302325581395,-0.963696999214557,-0.2669983028126927,1.0,4.12125218914503,51.21252189146565,109.31631395955853,105.34780372802294,29.187270296941595,20,0.7287754263970568,0.008
67,103.9795918367347,126.16326530612245,-0.5505850215045431,0.8347790929909791,1.0,3.6380296438858255,46.38029643879417,96.57293512577654,53.17161156298253,-80.6170671917724,20,0.6438195675051769,0.008
68,103.5,140.89285714285714,-0.11889498455156759,0.9929068348281638,1.0,3.073616739784238,40.73616739781578,77.7343192254427,9.242220683435633,-77.1829368596564,20,0.5182287948362847,0.008
69,98.95,135.925,0.7161733971973703,0.6979223919224672,1.0,3.5354792270800997,45.35475141876047,93.45847713308117,-66.93247506529148,-65.22676390615122,20,0.6230565142205412,0.008
70,111.26086956521739,138.7391304347826,-0.050190646203383246,0.9987396552824399,1.0,2.5366430326333917,35.36643032633806,56.89693899246449,2.855694135026266,-56.82522923596,20,0.37931292661642996,0.008
71,116.14035087719299,129.52631578947367,-0.3839729479231734,0.9233443427363315,1.0,2.1397480494713377,31.39748049471112,41.273730161421355,15.847995841866553,-38.1098652481743,20,0.27515820107614236,0.008
72,122.42857142857143,128.42857142857142,0.9867374765767215,-0.16232421975479827,1.0,1.8690405069912022,28.690405069920278,31.3921001100185,-30.975761647003477,5.09569815682327,20,0.20928066740012333,0.008
73,128.28571428571428,128.20408163265307,-0.8686036317373567,0.49550754881502523,1.0,1.7690428127921098,27.690427991129027,28.014712100957162,24.333680672967866,-13.881501323903908,20,0.1867647473397144,0.008
74,134.08,130.06,-0.958241903084093,0.2859588347538434,1.0,1.7630094030757117,27.63009403053357,27.816477236311954,26.654914084018916,-7.954367417452577,20,0.18544318157541304,0.008
75,139.4468085106383,130.46808510638297,-0.9945351736404502,-0.10440205166547076,1.0,1.8396059141592622,28.396059133574305,30.380465853186603,30.214441882576708,3.1717829656254577,20,0.20253643902124402,0.008
76,151.53191489361703,139.68085106382978,-0.25011036834656813,-0.9682173328574241,1.0,2.5344326562282125,35.344326562305696,56.808651115489276,14.208432655766702,55.00312066626695,20,0.3787243407699285,0.008
77,153.35714285714286,134.35714285714286,0.13760160423083548,-0.9904876569211252,1.0,2.4653175461548997,34.65317546097058,54.04852450324866,-7.437163677956636,53.53439639526678,20,0.36032349668832436,0.008
78,164.39583333333334,138.45833333333334,0.7196498764763266,-0.6943371337380767,1.0,3.3637286595154126,43.637286594886994,87.92460937926387,-63.27493427901651,61.04932126143809,20,0.5861640625284258,0.008
79,194.95348837209303,134.95348837209303,0.9595997326307996,0.28136871385230094,1.0,4.119563332179883,51.19563332179647,109.2771854441267,-104.86235793483029,-30.747181121813313,20,0.7285145696275114,0.008
80,66.45833333333333,134.20833333333334,-0.8760919192819878,0.48214411638928345,1.0,4.105022098235006,51.050220982385866,108.93877187743195,95.440377738322,-52.52418790737815,20,0.7262584791828797,0.008
81,75.69767441860465,123.90697674418605,-0.5118205099238889,-0.8590924080803242,1.0,4.120846519685717,51.20846519673136,109.30691848214764,55.94552275574176,93.90474381866791,20,0.7287127898809842,0.008
82,81.70212765957447,144.10638297872342,0.14221595414405072,0.9898356542309927,1.0,4.117554069975835,51.17554069975565,109.23058600182662,-15.534332009963563,-108.12032855715277,20,0.7282039066788442,0.008
83,106.45833333333333,146.16666666666666,0.6592689767959564,0.7519071859175258,1.0,3.0487962935073987,40.48796293399441,76.81843319506662,-50.6440098515801,-57.76033193029599,20,0.5121228879671108,0.008
84,115.88095238095238,139.21428571428572,0.13838507804284686,0.9903784984414167,1.0,2.2957314811546845,32.95731481154945,47.32062954119541,-6.548469012094971,-46.86533403031165,20,0.3154708636079694,0.008
85,120.92,136.3,-0.5827211335320566,0.8126721851614679,1.0,2.0030359087618503,30.030359087438317,36.16433507798011,21.073722330073686,-29.389749212733623,20,0.2410955671865341,0.008
86,127.73076923076923,136.30769230769232,-0.9233360964030359,-0.3839927773789546,1.0,1.8607655856072194,28.607655856070572,31.10627796365284,28.72154926858699,11.944586069184826,20,0.20737518642435226,0.008
87,133.8679245283019,138.9245283018868,0.26760958738935553,-0.9635274301945425,1.0,1.924650546460474,29.24650546453334,33.34073662814017,-8.922300772313763,32.124714284104954,20,0.22227157752093446,0.008
88,141.5681818181818,138.6590909090909,0.19415517892418666,-0.9809708285657209,1.0,2.0394772403071504,30.394772403102717,37.50497848638038,-7.281785808570954,36.7912898211241,20,0.25003318990920254,0.008
89,144.0,143.3095238095238,0.9115717984779921,0.41114092014733694,1.0,2.363674314869039,33.63674314867764,50.00351427518947,-45.58179343805441,-20.558490869701895,20,0.33335676183459645,0.008
90,158.46666666666667,141.3111111111111,-0.06523472761879757,-0.9978699465924913,1.0,3.1043912289864326,41.04391228990528,78.86104428939713,5.144478743952754,78.6930660532888,20,0.5257402952626475,0.008
91,161.5,133.83333333333334,-0.49662228133067304,-0.8679667676160867,1.0,3.144368392150546,41.44368392150848,80.30950896133591,39.88349155292477,69.70598490200588,20,0.535396726408906,0.008
92,199.85106382978722,127.31914893617021,0.9973957816195695,0.07212249862205188,1.0,4.117025398893438,51.17025398898486,109.21831630134584,-108.93388795455421,-7.877097866946641,20,0.7281221086756389,0.008
93,78.0909090909091,167.25,-0.9127936959806865,-0.4084209453222471,1.0,4.117295030200088,51.17295029716057,109.22457449493484,99.6995030451494,44.60960396764149,20,0.7281638299662323,0.008
94,74.19642857142857,133.41071428571428,-0.2634288892166615,-0.964678817185324,1.0,4.099347081983307,50.99347082225587,108.80596187206515,28.66263367610855,104.96280660145527,20,0.725373079147101,0.008
95,98.2439024390244,162.7560975609756,0.2757896683794123,0.9612180079540613,1.0,4.0623044673411375,50.623044673431515,107.92884413417154,-29.76566013233645,-103.74314855943274,20,0.7195256275611436,0.008
96,113.6078431372549,147.49019607843138,0.7782438039257006,0.6279622454027438,1.0,2.865289077811554,38.65289077809283,69.86934274039098,-54.375383072070406,-43.87530935206981,20,0.4657956182692732,0.008
97,119.27083333333333,147.25,0.4518471655019299,0.8920953643125108,1.0,2.677646930898562,36.77646930906575,62.51412073163839,-28.24682825643624,-55.768557308767235,20,0.41676080487758926,0.008
98,125.46153846153847,143.25,0.5119131079441528,-0.859037234300678,1.0,2.200277177867271,32.002771778694076,43.5975468739494,-22.31815571898432,37.451916088891664,20,0.290650312492996,0.008
99,133.12765957446808,145.5744680851064,-0.5446098296642001,-0.8386895333990587,1.0,2.2884818681591064,32.8848186815713,47.03576696279065,25.61614103373043,39.448405447089755,20,0.3135717797519377,0.008
100,140.2,146.77777777777777,-0.4670288871940024,0.8842420587861289,1.0,2.4953492987920076,34.95349298792306,55.247533026275974,25.802193869475563,-48.85219234600892,20,0.36831688684183983,0.008
101,150.47916666666666,145.375,-0.9581888677721426,0.2861364948368863,1.0,3.011508043493093,40.11508043586561,75.43092729106708,72.27707481603038,-21.583541137361962,20,0.5028728486071139,0.008
102,163.6,145.5090909090909,0.9762175620043684,-0.2167931540299353,1.0,3.560489211536975,45.60489211496712,94.23138903815787,-91.99033687111564,20.428720038204116,20,0.6282092602543858,0.008
103,174.4468085106383,142.95744680851064,0.9993990563747766,-0.03466303675684265,1.0,3.9759153024053178,49.759153023723734,105.81353409447605,-105.74994612569961,3.6678184216882466,20,0.7054235606298404,0.008
104,169.3,133.22,-0.2868319776672958,-0.9579809061706125,1.0,3.898766166223396,48.98766166225101,103.84058819910928,29.78480127528577,99.47730078027212,20,0.6922705879940618,0.008
105,90.83018867924528,135.28301886792454,0.03715480980441706,-0.9993095216740394,1.0,3.9998495168902837,49.99849499612408,106.40944375742725,-3.953622644201024,106.33597034283522,20,0.7093962917161817,0.008
106,91.56,143.62,-0.4934995828263888,-0.8697460329028126,1.0,3.951984252301216,49.51984324740111,105.21008113628932,51.92113114988929,91.50605068967067,20,0.7014005409085955,0.008
107,93.77551020408163,157.75510204081633,0.22538417587091336,0.9742699693960546,1.0,4.041821227324839,50.41821227320956,107.43616905739307,-24.21441242172866,-104.6718331395757,20,0.7162411270492871,0.008
108,96.85106382978724,150.4468085106383,-0.8967556740339726,0.4425260004653687,1.0,3.769008590576144,47.69008590582854,100.3403879717905,89.98081224847331,-44.40323057429984,20,0.6689359198119367,0.008
109,115.73076923076923,155.05769230769232,-0.28734770567304885,0.957826339189122,1.0,3.599200314954734,45.99200314952876,95.41068236448531,27.416040674134877,-91.38686460871108,20,0.6360712157632354,0.008
110,123.91304347826087,150.65217391304347,-0.8138362080910325,0.5810943351986918,1.0,2.8948301011833095,38.948301011810756,71.00713339575725,57.7881761902172,-41.26184297497239,20,0.4733808893050483,0.008
111,131.2941176470588,150.66666666666666,0.49167757905489407,-0.8707773298925038,1.0,2.7994574788114277,37.994574788101566,67.31169085606942,-33.09564920220366,58.61349443419779,20,0.44874460570712943,0.008
112,144.04651162790697,152.1627906976744,0.9772230514361644,-0.21221476796347527,1.0,3.2620709178657274,42.620709179370465,84.46833420918657,-82.54440330563105,17.925427944463806,20,0.5631222280612438,0.008
113,167.89473684210526,151.47368421052633,0.9230237067684979,0.38474307887646525,1.0,3.7734304749876975,47.734304749829185,100.46345832585804,-92.730153698716,-38.65262027086808,20,0.6697563888390536,0.008
114,172.04347826086956,147.45652173913044,0.7926034585022644,-0.6097374497029432,1.0,3.7542662673588487,47.542662616658745,99.92813675314478,-79.2033867922298,60.92992725742945,20,0.6661875783542985,0.008
115,177.94594594594594,162.05405405405406,-0.14057069621736393,0.9900706436234566,1.0,4.069681528816594,50.69681528822735,108.10494171854523,15.196386921913454,-107.03152922615635,20,0.7206996114569683,0.008
116,180.51111111111112,149.11111111111111,0.8452981858602082,-0.5342948408710689,1.0,4.06893627387342,50.68936297583611,108.08718446781383,-91.3659009453807,57.75042502543246,20,0.7205812297854255,0.008
117,101.18181818181819,154.36363636363637,-0.6823732960102524,-0.73100388842475,1.0,3.742664063694415,47.42664063707318,99.60159403184677,67.96546800738636,72.80915253058336,20,0.6640106268789785,0.008
118,97.5909090909091,143.4318181818182,-0.8536286096023421,0.5208821333741176,1.0,3.5059547556708783,45.05954755675182,92.53538552792097,78.99085248721586,-48.20002902637992,20,0.6169025701861398,0.008
119,108.31914893617021,158.68085106382978,-0.5368384399543228,0.8436850652864545,1.0,3.9573381622784303,49.57338162387337,105.34574965066295,56.553647898280545,-88.87863567167007,20,0.7023049976710863,0.008
120,121.57894736842105,159.0,0.6154463546490762,0.7881787770228044,1.0,3.890938299337708,48.90938297256106,103.63592809738346,-63.78235415820841,-81.68363906341898,20,0.6909061873158897,0.008
121,150.51020408163265,158.9591836734694,0.8551354161572521,0.5184046875111792,1.0,4.0470887561498605,50.4708875612359,107.563390392176,-91.9812646062984,-55.761365783898974,20,0.7170892692811733,0.008
122,129.38636363636363,184.1590909090909,-0.9663297774241856,-0.2573067454679802,1.0,4.119962386330857,51.199623863311814,109.28643427981218,105.6067357130938,28.12013672833878,20,0.7285762285320813,0.008
123,150.85106382978722,151.95744680851064,0.769721735663806,0.6383795498343425,1.0,3.690922534957291,46.90922560497035,98.1227752873237,-75.52723290230841,-62.639573116418056,20,0.6541518352488247,0.008
124,169.98076923076923,159.03846153846155,0.7926213336247916,0.6097142129578881,1.0,3.90126410170319,49.01264085604289,103.90572205018618,-82.35789198266549,-63.352795541650345,20,0.6927048136679079,0.008
125,172.2608695652174,166.43478260869566,-0.012991902013471543,0.999915601679498,1.0,4.055538482501049,50.555384825027055,107.76671048781397,1.4000945429718352,-107.75761515844277,20,0.7184447365854264,0.008
126,200.8372093023256,157.72093023255815,0.9987106597684408,-0.05076433851520126,1.0,4.119844665095875,51.19844665097227,109.28370607929895,-109.14280220039701,5.54771504960529,20,0.7285580405286597,0.008
127,103.54166666666667,166.3125,0.8213386452115974,-0.5704409083173977,1.0,4.102921185476955,51.02921185474894,108.88965342943196,-89.43528042529002,62.11511280865181,20,0.7259310228628797,0.008
128,107.19607843137256,152.15686274509804,0.5983549144351167,0.8012311753616081,1.0,3.428228260321758,44.28228257448504,90.04879843680202,-53.881141083637736,-72.14990461141942,20,0.6003253229120135,0.008
129,138.72093023255815,154.58139534883722,0.797693138502614,-0.6030635594909125,1.0,3.544857482753881,45.44857483146087,93.74938170326345,-74.78323852355577,56.536835830042286,20,0.6249958780217564,0.008
130,131.10416666666666,156.5625,0.894778604742863,-0.44651007658776914,1.0,3.7167818385706064,47.16781838573549,98.86646537902999,-88.46359794770702,44.144873028352706,20,0.6591097691935333,0.008
131,113.425,178.375,-0.7025277998237234,0.7116563008045657,1.0,4.101092164604548,51.01092164647085,108.84684544613016,76.46793484902268,-77.46154338443927,20,0.7256456363075344,0.008
132,165.09302325581396,159.53488372093022,-0.3503979484299169,-0.9366009170057998,1.0,4.053940567341431,50.53940567340972,107.72833241801057,37.74778666704701,100.89845493021433,20,0.7181888827867371,0.008
133,166.25,170.6818181818182,-0.915762722538573,-0.401719598736159,1.0,4.107147485789084,51.07147485788753,108.98840476957766,99.80751827692444,43.78277823092881,20,0.7265893651305178,0.008
134,175.18,155.0,0.9894756876406784,-0.1446992175791108,1.0,3.9422137606716157,49.4221376067686,104.96150191804549,-103.85685428615643,15.18784720346952,20,0.6997433461203032,0.008
135,157.75,162.77272727272728,0.9979987744503283,-0.06323326810819561,1.0,4.114147510768775,51.14147510765765,109.15146179790419,-108.9330251037702,6.902003648268347,20,0.727676411986028,0.008
136,115.29268292682927,165.6341463414634,0.9934222970262538,0.1145082519781061,1.0,4.10070657807539,51.00706578070125,108.83781534757512,-108.12191252590733,-12.462827984566715,20,0.7255854356505008,0.008
137,115.90196078431373,173.84313725490196,-0.9990793078002395,0.042901476960524945,1.0,4.073167202158625,50.7316720216391,108.18790198160366,108.08829422414074,-4.6414207842713004,20,0.7212526798773577,0.008
138,110.71111111111111,169.3111111111111,0.6258647083206026,-0.7799316424397507,1.0,4.079020381355206,50.79020381357604,108.32685496726724,-67.79795548737692,84.4875419149534,20,0.7221790331151149,0.008
